Date,Open,High,Low,Close,Adj Close,Volume
2010-01-04,39.099998474121094,39.970001220703125,38.91999816894531,39.880001068115234,29.731531143188477,2238700
2010-01-05,39.77000045776367,40.810001373291016,39.72999954223633,40.810001373291016,30.424856185913086,2782200
2010-01-06,41.369998931884766,41.54999923706055,40.86000061035156,41.380001068115234,30.84981346130371,3575200
2010-01-07,41.29999923706055,41.95000076293945,41.099998474121094,41.689998626708984,31.0809326171875,2992900
2010-01-08,41.380001068115234,41.900001525878906,41.34000015258789,41.84000015258789,31.192766189575195,1463600
2010-01-11,41.97999954223633,42.97999954223633,41.90999984741211,42.380001068115234,31.595338821411133,3510700
2010-01-12,42.060001373291016,42.43000030517578,41.31999969482422,41.70000076293945,31.08838653564453,2711400
2010-01-13,41.90999984741211,42.279998779296875,41.41999816894531,42.209999084472656,31.46860122680664,2946700
2010-01-14,41.9900016784668,42.189998626708984,41.59000015258789,42.02000045776367,31.32695770263672,1698400
2010-01-15,41.79999923706055,41.849998474121094,41.45000076293945,41.619998931884766,31.028751373291016,2017600
2010-01-19,41.4900016784668,42.20000076293945,41.290000915527344,42.060001373291016,31.35678482055664,2086500
2010-01-20,41.75,41.95000076293945,41.31999969482422,41.900001525878906,31.23749351501465,1721200
2010-01-21,41.880001068115234,42.150001525878906,40.34000015258789,40.75,30.38013458251953,2616500
2010-01-22,40.68000030517578,40.91999816894531,39.66999816894531,39.7599983215332,29.64208221435547,2967100
2010-01-25,40.279998779296875,40.959999084472656,40.06999969482422,40.43000030517578,30.141569137573242,1541200
2010-01-26,40.18000030517578,40.880001068115234,39.88999938964844,40.099998474121094,29.895549774169922,1996400
2010-01-27,40.13999938964844,40.93000030517578,39.880001068115234,40.90999984741211,30.49942970275879,1991000
2010-01-28,41.18000030517578,41.279998779296875,39.220001220703125,39.970001220703125,29.79863739013672,2013300
2010-01-29,40.099998474121094,40.150001525878906,38.0099983215332,38.2400016784668,28.508878707885742,4036600
2010-02-01,38.5,39.83000183105469,38.40999984741211,39.7599983215332,29.64208221435547,2153600
2010-02-02,39.970001220703125,40.52000045776367,39.56999969482422,39.97999954223633,29.806081771850586,2020400
2010-02-03,39.75,40.0,39.029998779296875,39.189998626708984,29.217124938964844,2333500
2010-02-04,39.36000061035156,39.54999923706055,37.619998931884766,37.619998931884766,28.046649932861328,4183000
2010-02-05,37.52000045776367,38.099998474121094,36.13999938964844,37.93000030517578,28.27775764465332,3264200
2010-02-08,37.619998931884766,38.02000045776367,37.22999954223633,37.22999954223633,27.75588607788086,2631600
2010-02-09,37.650001525878906,38.06999969482422,36.9900016784668,37.93000030517578,28.27775764465332,3471500
2010-02-10,37.54999923706055,38.7599983215332,37.54999923706055,38.540000915527344,28.86188507080078,3022800
2010-02-11,38.40999984741211,38.5,37.90999984741211,38.060001373291016,28.50242805480957,2574500
2010-02-12,37.70000076293945,38.31999969482422,37.13999938964844,38.2599983215332,28.65219497680664,2551400
2010-02-16,38.61000061035156,39.27000045776367,38.31999969482422,39.2599983215332,29.401084899902344,1964000
2010-02-17,39.45000076293945,39.970001220703125,39.209999084472656,39.81999969482422,29.820453643798828,2164500
2010-02-18,39.7599983215332,39.88999938964844,39.529998779296875,39.779998779296875,29.790504455566406,1631000
2010-02-19,39.61000061035156,40.380001068115234,39.560001373291016,40.13999938964844,30.06010627746582,2382300
2010-02-22,40.189998626708984,40.77000045776367,40.11000061035156,40.47999954223633,30.31471824645996,1535900
2010-02-23,40.310001373291016,40.4900016784668,39.59000015258789,39.77000045776367,29.78302001953125,1826000
2010-02-24,39.91999816894531,40.689998626708984,39.75,40.650001525878906,30.44203758239746,2459600
2010-02-25,39.900001525878906,40.2599983215332,39.58000183105469,40.16999816894531,30.082571029663086,4720200
2010-02-26,40.36000061035156,40.36000061035156,39.84000015258789,40.029998779296875,29.977712631225586,2232700
2010-03-01,40.18000030517578,40.5,39.81999969482422,40.290000915527344,30.17243194580078,1734100
2010-03-02,40.41999816894531,40.630001068115234,40.279998779296875,40.5,30.329700469970703,2380300
2010-03-03,40.7400016784668,40.9900016784668,40.470001220703125,40.65999984741211,30.449514389038086,1492800
2010-03-04,40.72999954223633,41.29999923706055,40.650001525878906,41.2599983215332,30.898841857910156,2376500
2010-03-05,41.59000015258789,43.0,41.58000183105469,42.900001525878906,32.127017974853516,3868200
2010-03-08,43.0099983215332,43.130001068115234,42.439998626708984,43.040000915527344,32.23185348510742,2299500
2010-03-09,42.79999923706055,43.029998779296875,42.380001068115234,42.79999923706055,32.05211639404297,2724500
2010-03-10,42.91999816894531,43.22999954223633,42.59000015258789,42.849998474121094,32.089569091796875,3196000
2010-03-11,42.709999084472656,42.849998474121094,42.2400016784668,42.849998474121094,32.089569091796875,1802700
2010-03-12,43.029998779296875,43.58000183105469,43.0,43.33000183105469,32.44903564453125,1792300
2010-03-15,43.16999816894531,43.540000915527344,42.810001373291016,43.45000076293945,32.538902282714844,1927300
2010-03-16,43.560001373291016,44.040000915527344,43.36000061035156,43.970001220703125,32.92830276489258,1468200
2010-03-17,44.279998779296875,45.04999923706055,44.04999923706055,44.880001068115234,33.60979080200195,1715900
2010-03-18,44.709999084472656,45.099998474121094,44.540000915527344,44.81999969482422,33.564857482910156,1364700
2010-03-19,44.18000030517578,45.220001220703125,44.060001373291016,44.18000030517578,33.08557891845703,2563400
2010-03-22,43.75,44.45000076293945,43.15999984741211,44.38999938964844,33.24285125732422,1705700
2010-03-23,44.279998779296875,44.84000015258789,44.04999923706055,44.689998626708984,33.467498779296875,1620800
2010-03-24,44.439998626708984,44.90999984741211,44.25,44.68000030517578,33.46003341674805,1722400
2010-03-25,45.0,45.880001068115234,44.68000030517578,44.70000076293945,33.47500991821289,2345800
2010-03-26,44.560001373291016,44.7599983215332,43.720001220703125,43.959999084472656,32.920814514160156,2515300
2010-03-29,44.18000030517578,44.54999923706055,43.95000076293945,44.5,33.32522964477539,1734600
2010-03-30,44.5,45.45000076293945,44.34000015258789,45.27000045776367,33.9018669128418,2377000
2010-03-31,44.959999084472656,45.630001068115234,44.900001525878906,45.36000061035156,33.96925735473633,2482200
2010-04-01,45.90999984741211,46.16999816894531,45.54999923706055,46.16999816894531,34.57584762573242,2242800
2010-04-05,46.27000045776367,46.599998474121094,45.81999969482422,46.2400016784668,34.62828063964844,2876000
2010-04-06,46.02000045776367,46.09000015258789,45.54999923706055,45.9900016784668,34.4410514831543,2856400
2010-04-07,45.72999954223633,45.970001220703125,45.04999923706055,45.290000915527344,33.916839599609375,3277600
2010-04-08,45.18000030517578,46.06999969482422,45.029998779296875,46.0099983215332,34.45601272583008,1671600
2010-04-09,46.31999969482422,46.31999969482422,45.849998474121094,46.15999984741211,34.568363189697266,1471400
2010-04-12,46.119998931884766,46.790000915527344,46.119998931884766,46.720001220703125,34.987735748291016,2185400
2010-04-13,46.529998779296875,47.66999816894531,46.41999816894531,47.59000015258789,35.639251708984375,2746000
2010-04-14,47.88999938964844,48.400001525878906,47.599998474121094,48.33000183105469,36.19343185424805,2236000
2010-04-15,48.22999954223633,48.349998474121094,47.93000030517578,48.220001220703125,36.111061096191406,2665600
2010-04-16,47.93000030517578,48.2599983215332,46.5099983215332,47.119998931884766,35.28729248046875,2397500
2010-04-19,46.810001373291016,47.91999816894531,46.540000915527344,47.66999816894531,35.69916915893555,2155900
2010-04-20,48.029998779296875,48.459999084472656,47.58000183105469,48.45000076293945,36.28329849243164,1436500
2010-04-21,48.38999938964844,48.56999969482422,47.779998779296875,48.369998931884766,36.2234001159668,1574100
2010-04-22,47.939998626708984,48.709999084472656,47.439998626708984,48.58000183105469,36.38066101074219,1687300
2010-04-23,48.400001525878906,49.310001373291016,48.220001220703125,49.04999923706055,36.73262405395508,2765500
2010-04-26,49.0,49.540000915527344,48.45000076293945,48.5099983215332,36.32823181152344,2936000
2010-04-27,46.88999938964844,47.2599983215332,44.68000030517578,44.93000030517578,33.64723205566406,5477600
2010-04-28,45.439998626708984,46.900001525878906,45.439998626708984,46.470001220703125,34.80051040649414,4197500
2010-04-29,46.939998626708984,48.25,46.79999923706055,48.099998474121094,36.02119445800781,2174000
2010-04-30,47.91999816894531,48.130001068115234,46.349998474121094,46.36000061035156,34.7181396484375,2658000
2010-05-03,46.66999816894531,47.619998931884766,46.619998931884766,47.5,35.57187271118164,1720300
2010-05-04,46.599998474121094,47.08000183105469,45.599998474121094,45.91999816894531,34.38862228393555,1935200
2010-05-05,44.97999954223633,46.400001525878906,44.86000061035156,45.5099983215332,34.215702056884766,2192500
2010-05-06,45.279998779296875,46.02000045776367,40.560001373291016,43.68000030517578,32.839866638183594,4470100
2010-05-07,43.66999816894531,44.11000061035156,42.06999969482422,42.540000915527344,31.9827823638916,2687800
2010-05-10,44.43000030517578,45.68000030517578,44.18000030517578,45.650001525878906,34.32097625732422,2967100
2010-05-11,45.06999969482422,47.16999816894531,45.06999969482422,46.18000030517578,34.719425201416016,4691500
2010-05-12,46.34000015258789,46.459999084472656,45.7400016784668,46.31999969482422,34.8246955871582,2392600
2010-05-13,46.09000015258789,46.13999938964844,45.25,45.25,34.020233154296875,1513500
2010-05-14,44.75,44.75,42.84000015258789,43.38999938964844,32.62183380126953,3407500
2010-05-17,43.400001525878906,44.02000045776367,42.2400016784668,43.18000030517578,32.463951110839844,2938400
2010-05-18,43.65999984741211,43.939998626708984,41.119998931884766,41.40999984741211,31.13321304321289,4728600
2010-05-19,41.0099983215332,41.79999923706055,40.54999923706055,41.2400016784668,31.005407333374023,4360200
2010-05-20,40.13999938964844,40.40999984741211,38.13999938964844,38.5099983215332,28.952909469604492,7622200
2010-05-21,37.83000183105469,40.470001220703125,37.38999938964844,40.40999984741211,30.381389617919922,5193100
2010-05-24,40.45000076293945,40.45000076293945,38.91999816894531,39.0099983215332,29.328824996948242,3253200
2010-05-25,37.849998474121094,38.529998779296875,36.81999969482422,38.45000076293945,28.907814025878906,8755500
2010-05-26,39.08000183105469,39.83000183105469,38.65999984741211,38.720001220703125,29.110790252685547,4479000
2010-05-27,39.4900016784668,40.9900016784668,39.130001068115234,40.939998626708984,30.779857635498047,3462300
2010-05-28,40.790000915527344,40.86000061035156,39.540000915527344,39.790000915527344,29.915252685546875,2133800
2010-06-01,39.380001068115234,39.68000030517578,38.720001220703125,38.790000915527344,29.16342544555664,2327700
2010-06-02,39.11000061035156,40.34000015258789,38.459999084472656,40.29999923706055,30.298677444458008,2735400
2010-06-03,40.310001373291016,40.56999969482422,39.61000061035156,40.2400016784668,30.253583908081055,2268300
2010-06-04,39.220001220703125,39.5099983215332,38.2599983215332,38.40999984741211,28.87773323059082,3077600
2010-06-07,38.59000015258789,38.97999954223633,37.5,37.529998779296875,28.21612548828125,2805600
2010-06-08,37.689998626708984,38.22999954223633,36.72999954223633,38.119998931884766,28.659696578979492,3765300
2010-06-09,38.41999816894531,39.31999969482422,37.75,37.88999938964844,28.486780166625977,2507900
2010-06-10,38.400001525878906,39.150001525878906,38.130001068115234,39.06999969482422,29.37394142150879,2253000
2010-06-11,38.63999938964844,39.529998779296875,38.619998931884766,39.470001220703125,29.67465591430664,1666100
2010-06-14,39.779998779296875,40.45000076293945,39.439998626708984,39.47999954223633,29.68218231201172,2278600
2010-06-15,39.900001525878906,40.630001068115234,39.650001525878906,40.54999923706055,30.486629486083984,1855600
2010-06-16,40.2400016784668,41.060001373291016,40.029998779296875,40.7400016784668,30.629499435424805,2184300
2010-06-17,40.959999084472656,40.959999084472656,39.40999984741211,39.93000030517578,30.02050018310547,1924800
2010-06-18,40.09000015258789,40.09000015258789,39.54999923706055,39.7599983215332,29.892698287963867,1916200
2010-06-21,40.36000061035156,40.720001220703125,39.58000183105469,39.75,29.885183334350586,1576600
2010-06-22,39.7400016784668,40.279998779296875,39.04999923706055,39.11000061035156,29.404003143310547,1766400
2010-06-23,39.2400016784668,39.349998474121094,38.45000076293945,38.650001525878906,29.058156967163086,1592200
2010-06-24,38.40999984741211,38.560001373291016,37.650001525878906,37.7599983215332,28.389034271240234,1732900
2010-06-25,38.15999984741211,38.720001220703125,37.4900016784668,38.4900016784668,28.93787384033203,2959100
2010-06-28,38.58000183105469,38.63999938964844,37.939998626708984,38.04999923706055,28.60706329345703,1177100
2010-06-29,38.02000045776367,38.02000045776367,35.849998474121094,35.9900016784668,27.058311462402344,5362100
2010-06-30,36.099998474121094,36.869998931884766,36.029998779296875,36.130001068115234,27.16356086730957,3811500
2010-07-01,36.04999923706055,36.380001068115234,34.68000030517578,35.83000183105469,26.938016891479492,3313900
2010-07-02,36.16999816894531,36.529998779296875,35.70000076293945,36.18000030517578,27.201147079467773,3733400
2010-07-06,36.88999938964844,37.41999816894531,36.04999923706055,36.470001220703125,27.419185638427734,2830500
2010-07-07,36.65999984741211,38.15999984741211,36.619998931884766,38.13999938964844,28.67473602294922,3152000
2010-07-08,38.689998626708984,39.33000183105469,37.720001220703125,38.220001220703125,28.73488998413086,2770300
2010-07-09,38.22999954223633,39.09000015258789,37.939998626708984,39.0,29.32129669189453,1448100
2010-07-12,38.849998474121094,38.849998474121094,38.13999938964844,38.61000061035156,29.028108596801758,1544600
2010-07-13,39.060001373291016,39.7400016784668,39.02000045776367,39.58000183105469,29.75737190246582,2036200
2010-07-14,39.310001373291016,39.619998931884766,38.880001068115234,39.41999816894531,29.63707733154297,2066000
2010-07-15,39.459999084472656,39.650001525878906,38.47999954223633,39.20000076293945,29.4716854095459,2311700
2010-07-16,38.66999816894531,38.91999816894531,37.40999984741211,37.54999923706055,28.231163024902344,3344700
2010-07-19,37.65999984741211,37.810001373291016,36.959999084472656,37.70000076293945,28.34392547607422,1754600
2010-07-20,36.900001525878906,38.40999984741211,36.810001373291016,38.380001068115234,28.855173110961914,2031500
2010-07-21,39.0099983215332,39.0099983215332,37.16999816894531,37.310001373291016,28.050718307495117,2422500
2010-07-22,37.83000183105469,39.0,37.7599983215332,38.83000183105469,29.193490982055664,2247600
2010-07-23,38.650001525878906,39.099998474121094,38.25,38.650001525878906,29.058156967163086,2528400
2010-07-26,38.689998626708984,38.7599983215332,38.150001525878906,38.5,28.945384979248047,4472100
2010-07-27,38.86000061035156,39.099998474121094,38.36000061035156,38.7400016784668,29.12583351135254,3247100
2010-07-28,38.47999954223633,38.810001373291016,38.16999816894531,38.279998779296875,28.779991149902344,2536800
2010-07-29,42.65999984741211,43.81999969482422,41.119998931884766,42.97999954223633,32.31358337402344,8814300
2010-07-30,42.279998779296875,42.79999923706055,42.04999923706055,42.38999938964844,31.8700008392334,4416600
2010-08-02,43.16999816894531,43.63999938964844,42.619998931884766,43.61000061035156,32.7872428894043,3261500
2010-08-03,43.5099983215332,43.540000915527344,42.560001373291016,42.81999969482422,32.19328689575195,2987000
2010-08-04,42.79999923706055,43.279998779296875,42.470001220703125,43.22999954223633,32.63874053955078,1816800
2010-08-05,42.88999938964844,43.45000076293945,42.56999969482422,43.400001525878906,32.76710510253906,1719500
2010-08-06,42.790000915527344,43.220001220703125,42.2599983215332,42.95000076293945,32.42735290527344,2476000
2010-08-09,43.349998474121094,44.11000061035156,43.09000015258789,43.91999816894531,33.15969467163086,1963000
2010-08-10,43.5099983215332,44.470001220703125,42.900001525878906,44.220001220703125,33.38618850708008,2916200
2010-08-11,43.36000061035156,43.709999084472656,43.0,43.04999923706055,32.502830505371094,5374000
2010-08-12,42.27000045776367,43.06999969482422,42.18000030517578,42.77000045776367,32.29143142700195,3405300
2010-08-13,42.689998626708984,43.25,42.16999816894531,42.20000076293945,31.861080169677734,2341200
2010-08-16,41.91999816894531,42.86000061035156,41.7400016784668,42.540000915527344,32.11779022216797,1992300
2010-08-17,43.08000183105469,44.61000061035156,42.880001068115234,44.52000045776367,33.61271286010742,3244600
2010-08-18,44.45000076293945,45.060001373291016,44.04999923706055,44.720001220703125,33.763702392578125,3054000
2010-08-19,44.439998626708984,44.77000045776367,43.41999816894531,43.45000076293945,32.80484390258789,2655600
2010-08-20,43.040000915527344,43.369998931884766,42.279998779296875,43.130001068115234,32.563236236572266,2763400
2010-08-23,43.150001525878906,43.619998931884766,43.040000915527344,43.209999084472656,32.623634338378906,1925600
2010-08-24,42.529998779296875,43.2400016784668,42.18000030517578,42.189998626708984,31.85354232788086,3842600
2010-08-25,41.970001220703125,42.77000045776367,40.790000915527344,42.560001373291016,32.13289260864258,3499900
2010-08-26,42.86000061035156,43.09000015258789,42.0,42.189998626708984,31.85354232788086,2573500
2010-08-27,42.54999923706055,43.720001220703125,41.84000015258789,43.709999084472656,33.001136779785156,2829100
2010-08-30,43.470001220703125,43.810001373291016,43.16999816894531,43.22999954223633,32.63874053955078,3183900
2010-08-31,42.65999984741211,43.709999084472656,42.650001525878906,43.58000183105469,32.90300750732422,3415000
2010-09-01,44.209999084472656,45.810001373291016,44.209999084472656,45.75,34.541343688964844,4046200
2010-09-02,45.63999938964844,46.220001220703125,45.630001068115234,46.16999816894531,34.85844039916992,2725600
2010-09-03,46.63999938964844,47.27000045776367,46.41999816894531,47.220001220703125,35.651206970214844,3110100
2010-09-07,46.70000076293945,46.93000030517578,46.04999923706055,46.439998626708984,35.06230545043945,2330300
2010-09-08,46.529998779296875,47.619998931884766,46.47999954223633,46.9900016784668,35.47755813598633,1752300
2010-09-09,47.779998779296875,47.88999938964844,46.900001525878906,47.22999954223633,35.65874481201172,1960900
2010-09-10,47.36000061035156,47.36000061035156,46.7400016784668,47.209999084472656,35.643653869628906,1779500
2010-09-13,47.97999954223633,48.209999084472656,47.79999923706055,48.20000076293945,36.3911018371582,2292400
2010-09-14,47.939998626708984,48.279998779296875,47.58000183105469,47.790000915527344,36.08155059814453,2177500
2010-09-15,47.290000915527344,47.599998474121094,47.150001525878906,47.40999984741211,35.794647216796875,3036300
2010-09-16,47.27000045776367,47.65999984741211,46.97999954223633,47.36000061035156,35.756900787353516,2030300
2010-09-17,47.7400016784668,48.04999923706055,47.43000030517578,47.619998931884766,35.95319366455078,2332100
2010-09-20,47.86000061035156,48.5099983215332,47.720001220703125,48.380001068115234,36.52700424194336,1617200
2010-09-21,48.20000076293945,48.54999923706055,47.77000045776367,47.93000030517578,36.187255859375,2217600
2010-09-22,47.650001525878906,48.22999954223633,46.5,46.52000045776367,35.12269973754883,2956100
2010-09-23,46.0,46.4900016784668,45.7599983215332,45.849998474121094,34.616844177246094,2627000
2010-09-24,46.40999984741211,47.41999816894531,46.400001525878906,47.2400016784668,35.666297912597656,1924500
2010-09-27,47.22999954223633,47.41999816894531,46.7599983215332,47.06999969482422,35.53795623779297,1660500
2010-09-28,47.400001525878906,47.77000045776367,46.470001220703125,47.689998626708984,36.006046295166016,1939200
2010-09-29,47.400001525878906,48.11000061035156,47.16999816894531,47.91999816894531,36.17970275878906,2114800
2010-09-30,48.369998931884766,48.79999923706055,47.33000183105469,47.33000183105469,35.73426055908203,3130700
2010-10-01,47.81999969482422,48.08000183105469,47.130001068115234,47.7599983215332,36.05889129638672,1905200
2010-10-04,47.59000015258789,48.060001373291016,47.029998779296875,47.869998931884766,36.14194869995117,2416100
2010-10-05,48.31999969482422,49.720001220703125,47.54999923706055,49.47999954223633,37.35749053955078,2882200
2010-10-06,49.439998626708984,50.16999816894531,49.18000030517578,50.15999984741211,37.87091064453125,2589500
2010-10-07,50.18000030517578,50.63999938964844,49.709999084472656,50.0,37.75009536743164,2220600
2010-10-08,49.75,50.16999816894531,49.16999816894531,49.93000030517578,37.697261810302734,3071800
2010-10-11,49.880001068115234,50.0099983215332,49.459999084472656,49.70000076293945,37.52360916137695,1748500
2010-10-12,49.58000183105469,50.02000045776367,49.189998626708984,49.959999084472656,37.71990966796875,2070100
2010-10-13,50.22999954223633,50.790000915527344,49.959999084472656,50.130001068115234,37.848262786865234,2403700
2010-10-14,49.91999816894531,50.63999938964844,49.630001068115234,50.2400016784668,37.93130111694336,2236100
2010-10-15,50.650001525878906,50.72999954223633,49.630001068115234,49.93000030517578,37.697261810302734,2760200
2010-10-18,50.0099983215332,51.45000076293945,49.77000045776367,51.400001525878906,38.80710983276367,1568800
2010-10-19,50.72999954223633,51.70000076293945,50.36000061035156,50.650001525878906,38.240848541259766,2486200
2010-10-20,50.689998626708984,51.66999816894531,50.599998474121094,51.25,38.69386672973633,1776100
2010-10-21,51.619998931884766,52.099998474121094,50.95000076293945,51.34000015258789,38.761810302734375,1806400
2010-10-22,51.5,51.88999938964844,50.90999984741211,51.02000045776367,38.520206451416016,1832900
2010-10-25,51.56999969482422,51.90999984741211,51.09000015258789,51.189998626708984,38.648555755615234,1684600
2010-10-26,51.02000045776367,51.22999954223633,50.529998779296875,50.56999969482422,38.180458068847656,1903500
2010-10-27,50.119998931884766,51.130001068115234,50.04999923706055,50.849998474121094,38.39186096191406,2068000
2010-10-28,52.529998779296875,53.86000061035156,52.41999816894531,53.43000030517578,40.33976745605469,3633800
2010-10-29,53.369998931884766,53.439998626708984,51.66999816894531,51.689998626708984,39.026058197021484,2870300
2010-11-01,51.709999084472656,51.9900016784668,51.06999969482422,51.380001068115234,38.79201126098633,2267100
2010-11-02,51.90999984741211,52.41999816894531,51.86000061035156,52.290000915527344,39.479068756103516,1568900
2010-11-03,52.31999969482422,52.380001068115234,51.40999984741211,52.189998626708984,39.403568267822266,1826100
2010-11-04,52.79999923706055,53.790000915527344,52.560001373291016,53.72999954223633,40.7066650390625,2070300
2010-11-05,53.81999969482422,55.060001373291016,53.619998931884766,55.02000045776367,41.68397521972656,2116500
2010-11-08,54.93000030517578,54.9900016784668,54.06999969482422,54.45000076293945,41.25215148925781,1954100
2010-11-09,54.5099983215332,54.709999084472656,53.2400016784668,53.47999954223633,40.51725769042969,1959400
2010-11-10,53.41999816894531,54.150001525878906,53.0,54.09000015258789,40.97940444946289,1409900
2010-11-11,53.41999816894531,54.060001373291016,53.18000030517578,53.709999084472656,40.691505432128906,1151300
2010-11-12,53.29999923706055,53.439998626708984,52.33000183105469,52.93000030517578,40.1005744934082,1239600
2010-11-15,53.16999816894531,53.540000915527344,52.540000915527344,52.599998474121094,39.85054397583008,1361400
2010-11-16,52.15999984741211,52.38999938964844,51.16999816894531,51.720001220703125,39.183837890625,2245700
2010-11-17,51.849998474121094,51.97999954223633,51.290000915527344,51.47999954223633,39.00202941894531,1465400
2010-11-18,52.220001220703125,53.060001373291016,52.06999969482422,52.59000015258789,39.84297180175781,1232500
2010-11-19,52.45000076293945,52.650001525878906,51.97999954223633,52.40999984741211,39.70661544799805,1296400
2010-11-22,52.20000076293945,52.36000061035156,51.63999938964844,51.97999954223633,39.380821228027344,1492900
2010-11-23,51.279998779296875,51.529998779296875,50.91999816894531,51.290000915527344,38.85808563232422,1995800
2010-11-24,51.31999969482422,52.25,51.31999969482422,52.20000076293945,39.54751205444336,1330200
2010-11-26,51.59000015258789,52.189998626708984,51.34000015258789,51.810001373291016,39.25204849243164,564700
2010-11-29,51.400001525878906,52.7400016784668,50.619998931884766,52.529998779296875,39.79752731323242,2147500
2010-11-30,51.810001373291016,52.310001373291016,51.709999084472656,51.84000015258789,39.27477264404297,2428100
2010-12-01,52.70000076293945,53.119998931884766,52.529998779296875,52.97999954223633,40.13844299316406,1269800
2010-12-02,52.939998626708984,53.86000061035156,52.72999954223633,53.709999084472656,40.691505432128906,2153600
2010-12-03,53.40999984741211,54.2400016784668,53.13999938964844,54.13999938964844,41.017295837402344,2171500
2010-12-06,53.95000076293945,54.11000061035156,53.650001525878906,53.97999954223633,40.89605712890625,1487600
2010-12-07,54.58000183105469,55.0,54.34000015258789,54.68000030517578,41.426395416259766,2303000
2010-12-08,54.83000183105469,55.380001068115234,54.41999816894531,55.349998474121094,41.93400955200195,2068100
2010-12-09,55.86000061035156,57.0,55.279998779296875,55.880001068115234,42.335533142089844,1762800
2010-12-10,56.060001373291016,56.060001373291016,55.439998626708984,55.66999816894531,42.176429748535156,2062800
2010-12-13,56.0,56.369998931884766,55.36000061035156,55.869998931884766,42.32794189453125,1873700
2010-12-14,55.91999816894531,55.970001220703125,54.83000183105469,55.119998931884766,41.75975036621094,1571300
2010-12-15,55.029998779296875,55.720001220703125,55.029998779296875,55.09000015258789,41.73700714111328,1517200
2010-12-16,55.04999923706055,55.849998474121094,54.880001068115234,55.7400016784668,42.229461669921875,2281500
2010-12-17,55.470001220703125,55.68000030517578,55.15999984741211,55.20000076293945,41.82035827636719,2604100
2010-12-20,55.470001220703125,55.470001220703125,54.689998626708984,54.900001525878906,41.59306716918945,1623600
2010-12-21,55.279998779296875,57.66999816894531,55.08000183105469,57.61000061035156,43.64619827270508,4444500
2010-12-22,57.540000915527344,57.9900016784668,57.33000183105469,57.959999084472656,43.911376953125,1770200
2010-12-23,57.720001220703125,57.939998626708984,57.41999816894531,57.72999954223633,43.737117767333984,1472500
2010-12-27,57.36000061035156,57.869998931884766,57.31999969482422,57.7400016784668,43.74470138549805,889300
2010-12-28,57.72999954223633,58.130001068115234,57.54999923706055,57.7599983215332,43.75983428955078,931900
2010-12-29,57.86000061035156,58.16999816894531,57.72999954223633,57.970001220703125,43.918949127197266,1061000
2010-12-30,57.93000030517578,58.16999816894531,57.54999923706055,57.66999816894531,43.69166946411133,1682900
2010-12-31,57.5099983215332,57.63999938964844,57.15999984741211,57.54999923706055,43.60075759887695,1434900
2011-01-03,58.220001220703125,59.560001373291016,58.209999084472656,59.34000015258789,44.956886291503906,2364900
2011-01-04,59.40999984741211,59.560001373291016,58.529998779296875,58.939998626708984,44.65383529663086,2306300
2011-01-05,58.7400016784668,59.959999084472656,58.58000183105469,59.88999938964844,45.37356948852539,1867200
2011-01-06,59.81999969482422,60.31999969482422,59.619998931884766,60.08000183105469,45.51751708984375,1474300
2011-01-07,60.29999923706055,60.63999938964844,59.40999984741211,60.2599983215332,45.65388870239258,1831700
2011-01-10,59.849998474121094,60.22999954223633,59.150001525878906,60.0099983215332,45.46446990966797,1477800
2011-01-11,60.220001220703125,60.91999816894531,60.0099983215332,60.86000061035156,46.10845184326172,2233100
2011-01-12,61.38999938964844,61.81999969482422,60.849998474121094,61.099998474121094,46.290287017822266,1815800
2011-01-13,61.220001220703125,61.59000015258789,60.15999984741211,60.529998779296875,45.85844802856445,2007900
2011-01-14,60.5099983215332,60.939998626708984,59.970001220703125,60.880001068115234,46.12361145019531,2183700
2011-01-18,60.970001220703125,61.119998931884766,60.650001525878906,61.0,46.21451187133789,1673300
2011-01-19,60.720001220703125,60.880001068115234,59.7599983215332,59.90999984741211,45.388729095458984,1338600
2011-01-20,59.93000030517578,60.349998474121094,59.130001068115234,59.619998931884766,45.169010162353516,1183300
2011-01-21,59.970001220703125,60.79999923706055,59.970001220703125,60.36000061035156,45.72964859008789,1217900
2011-01-24,60.209999084472656,61.2599983215332,59.9900016784668,61.0,46.21451187133789,1192100
2011-01-25,60.72999954223633,61.130001068115234,60.119998931884766,61.11000061035156,46.29785919189453,1522700
2011-01-26,61.25,61.79999923706055,60.90999984741211,61.06999969482422,46.2675666809082,1290000
2011-01-27,61.34000015258789,62.560001373291016,61.2599983215332,62.4900016784668,47.34336853027344,1355400
2011-01-28,62.31999969482422,62.7400016784668,60.279998779296875,60.310001373291016,45.691768646240234,1651200
2011-01-31,60.689998626708984,62.09000015258789,60.459999084472656,61.650001525878906,46.70696258544922,1740200
2011-02-01,62.18000030517578,63.0099983215332,62.150001525878906,62.91999816894531,47.66914367675781,1591200
2011-02-02,61.88999938964844,62.75,61.720001220703125,62.470001220703125,47.328216552734375,2052700
2011-02-03,58.79999923706055,59.27000045776367,57.290000915527344,58.18000030517578,44.07804489135742,8080000
2011-02-04,57.959999084472656,58.290000915527344,57.77000045776367,58.08000183105469,44.0023078918457,3521700
2011-02-07,58.130001068115234,58.90999984741211,58.08000183105469,58.70000076293945,44.472007751464844,3048600
2011-02-08,58.5,60.279998779296875,58.5,60.13999938964844,45.56296920776367,3761200
2011-02-09,59.81999969482422,61.900001525878906,59.75,61.209999084472656,46.5128173828125,3758500
2011-02-10,60.52000045776367,61.91999816894531,59.849998474121094,61.88999938964844,47.02955627441406,2074200
2011-02-11,62.47999954223633,64.01000213623047,62.31999969482422,63.869998931884766,48.534141540527344,3233500
2011-02-14,63.84000015258789,64.80000305175781,63.63999938964844,64.29000091552734,48.853294372558594,3896700
2011-02-15,63.810001373291016,64.45999908447266,63.25,63.400001525878906,48.17698669433594,2348400
2011-02-16,63.810001373291016,64.51000213623047,63.77000045776367,64.36000061035156,48.90647506713867,1760700
2011-02-17,64.2699966430664,64.4800033569336,63.61000061035156,64.29000091552734,48.853294372558594,1578300
2011-02-18,64.37000274658203,65.12000274658203,64.01000213623047,64.7300033569336,49.18764114379883,1494900
2011-02-22,63.709999084472656,64.20999908447266,62.65999984741211,63.130001068115234,47.97182083129883,1853000
2011-02-23,63.15999984741211,63.75,62.27000045776367,63.310001373291016,48.10859298706055,2190400
2011-02-24,63.13999938964844,63.849998474121094,62.099998474121094,63.29999923706055,48.10100173950195,1944200
2011-02-25,63.7599983215332,64.0,62.970001220703125,63.52000045776367,48.26817321777344,1431100
2011-02-28,63.84000015258789,64.0,62.849998474121094,63.31999969482422,48.11619567871094,1485200
2011-03-01,63.63999938964844,64.0,62.11000061035156,62.7400016784668,47.675472259521484,1702700
2011-03-02,62.68000030517578,62.90999984741211,61.54999923706055,61.79999923706055,46.96116256713867,1719200
2011-03-03,62.43000030517578,64.19999694824219,62.43000030517578,64.0,48.63292694091797,1927800
2011-03-04,63.65999984741211,63.81999969482422,62.439998626708984,63.27000045776367,48.078216552734375,1991500
2011-03-07,63.540000915527344,64.13999938964844,62.470001220703125,62.689998626708984,47.6374626159668,1600100
2011-03-08,62.72999954223633,63.849998474121094,62.40999984741211,63.4900016784668,48.24538040161133,1775400
2011-03-09,63.34000015258789,63.689998626708984,62.06999969482422,62.209999084472656,47.272708892822266,2174700
2011-03-10,61.38999938964844,62.41999816894531,60.59000015258789,61.70000076293945,46.885189056396484,2297600
2011-03-11,61.5099983215332,62.36000061035156,61.06999969482422,62.18000030517578,47.24991989135742,1462400
2011-03-14,61.68000030517578,61.790000915527344,60.310001373291016,61.560001373291016,46.77880859375,1923800
2011-03-15,59.15999984741211,60.279998779296875,58.75,59.95000076293945,45.55537796020508,3071400
2011-03-16,59.81999969482422,60.06999969482422,57.970001220703125,58.630001068115234,44.55232238769531,2638200
2011-03-17,59.79999923706055,60.380001068115234,59.369998931884766,59.83000183105469,45.464202880859375,1984500
2011-03-18,60.849998474121094,61.59000015258789,60.40999984741211,61.220001220703125,46.52043533325195,2423100
2011-03-21,62.18000030517578,62.189998626708984,61.08000183105469,61.18000030517578,46.49003982543945,2264400
2011-03-22,61.04999923706055,61.119998931884766,59.47999954223633,59.5,45.21342468261719,3288000
2011-03-23,59.099998474121094,60.11000061035156,58.63999938964844,59.7400016784668,45.395809173583984,2782700
2011-03-24,60.029998779296875,60.29999923706055,59.209999084472656,60.2599983215332,45.79093933105469,1920100
2011-03-25,60.2599983215332,61.119998931884766,60.0099983215332,60.86000061035156,46.24686813354492,1875000
2011-03-28,60.77000045776367,61.400001525878906,60.63999938964844,60.939998626708984,46.30766296386719,1520700
2011-03-29,60.779998779296875,61.2400016784668,60.650001525878906,61.20000076293945,46.50522994995117,1783900
2011-03-30,61.61000061035156,61.849998474121094,61.279998779296875,61.400001525878906,46.657203674316406,1555000
2011-03-31,61.33000183105469,61.470001220703125,60.959999084472656,61.08000183105469,46.414039611816406,1473600
2011-04-01,61.630001068115234,62.529998779296875,61.47999954223633,62.47999954223633,47.4778938293457,1676500
2011-04-04,62.41999816894531,62.95000076293945,62.36000061035156,62.619998931884766,47.58427810668945,1186600
2011-04-05,62.369998931884766,62.4900016784668,61.68000030517578,62.02000045776367,47.12834548950195,1073000
2011-04-06,62.369998931884766,62.540000915527344,61.380001068115234,61.52000045776367,46.748409271240234,1493300
2011-04-07,61.56999969482422,63.65999984741211,61.529998779296875,63.06999969482422,47.92621994018555,2918700
2011-04-08,63.5,63.779998779296875,62.70000076293945,62.93000030517578,47.8198356628418,1216000
2011-04-11,62.84000015258789,63.45000076293945,62.119998931884766,62.40999984741211,47.42469787597656,1168300
2011-04-12,62.099998474121094,62.7599983215332,61.7599983215332,62.04999923706055,47.151145935058594,1537900
2011-04-13,62.470001220703125,62.91999816894531,61.47999954223633,61.84000015258789,46.99155807495117,1054400
2011-04-14,61.529998779296875,61.72999954223633,61.189998626708984,61.41999816894531,46.67240524291992,1072800
2011-04-15,61.75,61.939998626708984,61.11000061035156,61.61000061035156,46.816795349121094,1311100
2011-04-18,60.779998779296875,61.63999938964844,60.470001220703125,61.34000015258789,46.61162567138672,2178500
2011-04-19,61.400001525878906,61.810001373291016,60.90999984741211,61.209999084472656,46.5128173828125,1165900
2011-04-20,62.150001525878906,62.52000045776367,61.77000045776367,62.29999923706055,47.34111785888672,1176600
2011-04-21,62.43000030517578,63.61000061035156,62.150001525878906,63.52000045776367,48.26817321777344,1381700
2011-04-25,63.400001525878906,63.540000915527344,62.18000030517578,62.619998931884766,47.58427810668945,1342700
2011-04-26,60.720001220703125,62.099998474121094,60.400001525878906,60.880001068115234,46.26206970214844,4100000
2011-04-27,61.130001068115234,61.22999954223633,59.83000183105469,61.040000915527344,46.38364791870117,2632200
2011-04-28,61.099998474121094,62.400001525878906,61.0,62.16999816894531,47.2423210144043,1945800
2011-04-29,62.20000076293945,62.38999938964844,61.70000076293945,62.060001373291016,47.15873718261719,1587900
2011-05-02,62.369998931884766,62.52000045776367,61.61000061035156,61.72999954223633,46.9079704284668,1378200
2011-05-03,61.279998779296875,61.7599983215332,60.849998474121094,61.709999084472656,46.89277648925781,1339200
2011-05-04,61.189998626708984,61.439998626708984,59.810001373291016,60.4900016784668,46.13767623901367,2309500
2011-05-05,59.9900016784668,60.619998931884766,59.7400016784668,60.060001373291016,45.80970764160156,1878400
2011-05-06,60.560001373291016,61.70000076293945,60.560001373291016,61.20000076293945,46.679222106933594,2704800
2011-05-09,61.5099983215332,62.0099983215332,61.20000076293945,61.91999816894531,47.22837829589844,1683100
2011-05-10,62.04999923706055,63.33000183105469,61.9900016784668,63.029998779296875,48.07502746582031,2270100
2011-05-11,62.75,63.68000030517578,62.220001220703125,62.5099983215332,47.67839813232422,1738000
2011-05-12,62.43000030517578,63.400001525878906,62.0099983215332,63.36000061035156,48.32671356201172,1900000
2011-05-13,63.290000915527344,63.459999084472656,61.91999816894531,62.400001525878906,47.5944938659668,1916400
2011-05-16,62.18000030517578,62.83000183105469,61.880001068115234,61.970001220703125,47.266510009765625,1123100
2011-05-17,61.849998474121094,61.880001068115234,60.65999984741211,61.5,46.90803909301758,1814300
2011-05-18,61.58000183105469,62.9900016784668,61.18000030517578,62.88999938964844,47.968231201171875,1696500
2011-05-19,62.9900016784668,63.66999816894531,62.41999816894531,63.43000030517578,48.38011169433594,2558000
2011-05-20,63.22999954223633,63.5,62.060001373291016,62.16999816894531,47.41907501220703,1301600
2011-05-23,61.40999984741211,61.599998474121094,60.93000030517578,61.0099983215332,46.5342903137207,1447700
2011-05-24,61.119998931884766,61.33000183105469,60.29999923706055,60.47999954223633,46.130043029785156,1656700
2011-05-25,60.11000061035156,61.09000015258789,59.630001068115234,60.630001068115234,46.24446105957031,1798300
2011-05-26,60.45000076293945,60.72999954223633,59.95000076293945,60.369998931884766,46.04615020751953,2494000
2011-05-27,60.66999816894531,60.70000076293945,60.22999954223633,60.369998931884766,46.04615020751953,1635900
2011-05-31,61.11000061035156,61.29999923706055,60.7400016784668,61.22999954223633,46.702091217041016,1827400
2011-06-01,60.869998931884766,60.869998931884766,58.72999954223633,58.81999969482422,44.86391830444336,2646000
2011-06-02,58.790000915527344,59.310001373291016,58.0099983215332,58.9900016784668,44.99357604980469,2071800
2011-06-03,58.209999084472656,59.2400016784668,57.7400016784668,58.22999954223633,44.41389465332031,1585200
2011-06-06,57.970001220703125,58.290000915527344,56.880001068115234,56.91999816894531,43.41471481323242,1545500
2011-06-07,57.27000045776367,57.54999923706055,56.38999938964844,56.439998626708984,43.04859924316406,2492100
2011-06-08,56.400001525878906,56.61000061035156,55.68000030517578,55.7400016784668,42.51469421386719,1683800
2011-06-09,55.84000015258789,57.63999938964844,55.75,57.290000915527344,43.696922302246094,2310300
2011-06-10,56.86000061035156,56.90999984741211,55.70000076293945,56.040000915527344,42.74351501464844,1817900
2011-06-13,56.09000015258789,56.22999954223633,55.310001373291016,56.0099983215332,42.72063064575195,2091600
2011-06-14,56.84000015258789,57.459999084472656,56.689998626708984,56.97999954223633,43.46049118041992,1513900
2011-06-15,56.61000061035156,56.95000076293945,55.630001068115234,55.7599983215332,42.529945373535156,1852000
2011-06-16,55.7599983215332,56.40999984741211,55.40999984741211,55.97999954223633,42.69773864746094,1629400
2011-06-17,56.56999969482422,57.0,56.29999923706055,56.65999984741211,43.2164192199707,2216800
2011-06-20,56.310001373291016,57.0099983215332,56.13999938964844,56.54999923706055,43.13250732421875,1300100
2011-06-21,56.75,57.630001068115234,56.75,57.34000015258789,43.73506164550781,1330900
2011-06-22,57.029998779296875,57.27000045776367,56.029998779296875,56.11000061035156,42.79690170288086,1743300
2011-06-23,55.400001525878906,56.220001220703125,54.869998931884766,56.130001068115234,42.81216049194336,1932600
2011-06-24,56.119998931884766,56.45000076293945,54.720001220703125,55.400001525878906,42.25537109375,3543900
2011-06-27,55.209999084472656,56.08000183105469,55.130001068115234,55.810001373291016,42.568084716796875,1684300
2011-06-28,55.9900016784668,56.31999969482422,55.81999969482422,56.119998931884766,42.804534912109375,1142100
2011-06-29,56.58000183105469,57.33000183105469,56.58000183105469,57.189998626708984,43.620662689208984,2283100
2011-06-30,57.40999984741211,58.0,57.029998779296875,57.68000030517578,43.99439239501953,2104600
2011-07-01,57.619998931884766,58.59000015258789,57.59000015258789,58.38999938964844,44.53594207763672,1523100
2011-07-05,58.150001525878906,58.209999084472656,57.400001525878906,57.470001220703125,43.83422088623047,1621600
2011-07-06,57.25,58.5099983215332,56.93000030517578,58.5099983215332,44.627464294433594,2746000
2011-07-07,59.150001525878906,59.4900016784668,59.040000915527344,59.220001220703125,45.169002532958984,2117800
2011-07-08,58.2599983215332,58.36000061035156,57.43000030517578,58.13999938964844,44.345252990722656,2210400
2011-07-11,57.0,57.18000030517578,54.779998779296875,54.959999084472656,41.919769287109375,2631700
2011-07-12,54.599998474121094,56.75,54.58000183105469,55.65999984741211,42.453678131103516,3134700
2011-07-13,56.06999969482422,56.779998779296875,55.70000076293945,55.869998931884766,42.61384582519531,1955100
2011-07-14,56.220001220703125,56.349998474121094,54.650001525878906,54.75,41.759586334228516,2089600
2011-07-15,55.0,55.06999969482422,53.560001373291016,54.04999923706055,41.225669860839844,2461900
2011-07-18,53.65999984741211,53.79999923706055,52.16999816894531,53.150001525878906,40.53921890258789,2600900
2011-07-19,53.689998626708984,53.849998474121094,53.08000183105469,53.40999984741211,40.73753356933594,2022500
2011-07-20,53.7400016784668,54.119998931884766,52.849998474121094,54.04999923706055,41.225669860839844,3908400
2011-07-21,54.310001373291016,55.630001068115234,54.310001373291016,55.310001373291016,42.18672180175781,2605400
2011-07-22,55.380001068115234,55.630001068115234,54.86000061035156,55.380001068115234,42.24011993408203,1318000
2011-07-25,54.599998474121094,54.630001068115234,54.0,54.099998474121094,41.26382827758789,2251300
2011-07-26,54.11000061035156,54.779998779296875,53.66999816894531,54.13999938964844,41.2943229675293,1815000
2011-07-27,53.75,53.75,51.33000183105469,51.56999969482422,39.3340950012207,3345100
2011-07-28,53.970001220703125,55.15999984741211,52.900001525878906,53.779998779296875,41.01973342895508,4178500
2011-07-29,53.189998626708984,54.52000045776367,52.209999084472656,54.099998474121094,41.26382827758789,3419900
2011-08-01,54.93000030517578,55.08000183105469,52.150001525878906,52.689998626708984,40.18834686279297,3387300
2011-08-02,52.25,52.970001220703125,51.0099983215332,51.0099983215332,38.90697479248047,3668800
2011-08-03,50.900001525878906,51.33000183105469,50.189998626708984,50.58000183105469,38.753719329833984,4364400
2011-08-04,49.689998626708984,50.130001068115234,47.790000915527344,47.91999816894531,36.7156867980957,4976400
2011-08-05,48.56999969482422,48.880001068115234,46.16999816894531,47.18000030517578,36.14869689941406,5150100
2011-08-08,45.70000076293945,46.58000183105469,41.34000015258789,41.34000015258789,31.674175262451172,7289600
2011-08-09,42.119998931884766,44.61000061035156,40.099998474121094,44.529998779296875,34.11830520629883,7836900
2011-08-10,43.52000045776367,43.529998779296875,41.119998931884766,41.189998626708984,31.559242248535156,5663900
2011-08-11,41.2400016784668,44.97999954223633,40.310001373291016,44.25,33.90375900268555,5447400
2011-08-12,44.900001525878906,45.779998779296875,43.959999084472656,44.209999084472656,33.87312316894531,5022500
2011-08-15,44.619998931884766,45.58000183105469,44.52000045776367,45.29999923706055,34.7082633972168,3650800
2011-08-16,44.5099983215332,45.41999816894531,44.31999969482422,45.119998931884766,34.57035827636719,4306300
2011-08-17,45.31999969482422,45.5099983215332,43.63999938964844,44.060001373291016,33.75819778442383,3962200
2011-08-18,42.369998931884766,42.41999816894531,40.630001068115234,40.970001220703125,31.39067840576172,4833700
2011-08-19,39.90999984741211,41.779998779296875,38.93000030517578,39.040000915527344,29.911935806274414,5856500
2011-08-22,40.099998474121094,40.38999938964844,39.33000183105469,39.58000183105469,30.32568359375,4017100
2011-08-23,39.77000045776367,42.61000061035156,39.15999984741211,42.52000045776367,32.578269958496094,4923900
2011-08-24,42.40999984741211,43.65999984741211,41.81999969482422,43.15999984741211,33.06863021850586,3837700
2011-08-25,43.75,44.45000076293945,41.689998626708984,42.189998626708984,32.3254280090332,2839300
2011-08-26,41.619998931884766,43.849998474121094,40.9900016784668,43.45000076293945,33.29083251953125,3216400
2011-08-29,44.33000183105469,45.599998474121094,44.13999938964844,45.540000915527344,34.89214324951172,2531200
2011-08-30,45.209999084472656,45.65999984741211,44.43000030517578,44.959999084472656,34.44776153564453,2524000
2011-08-31,45.439998626708984,46.25,45.119998931884766,45.70000076293945,35.01474380493164,2921600
2011-09-01,45.66999816894531,45.79999923706055,43.90999984741211,43.970001220703125,33.68923568725586,2692700
2011-09-02,42.70000076293945,43.209999084472656,42.36000061035156,42.369998931884766,32.46333694458008,2538600
2011-09-06,40.720001220703125,41.84000015258789,40.439998626708984,41.470001220703125,31.773778915405273,2496700
2011-09-07,42.43000030517578,44.04999923706055,42.279998779296875,43.84000015258789,33.589637756347656,2380100
2011-09-08,43.15999984741211,43.84000015258789,42.68000030517578,42.869998931884766,32.84645080566406,1869200
2011-09-09,42.2400016784668,42.68000030517578,41.209999084472656,41.72999954223633,31.97297477722168,2304300
2011-09-12,40.93000030517578,42.06999969482422,40.34000015258789,42.02000045776367,32.1951789855957,2802200
2011-09-13,42.16999816894531,43.11000061035156,41.599998474121094,42.91999816894531,32.88474655151367,3100200
2011-09-14,43.779998779296875,44.56999969482422,42.5099983215332,43.79999923706055,33.55898666381836,2548400
2011-09-15,44.630001068115234,45.08000183105469,43.86000061035156,44.970001220703125,34.45542907714844,2451600
2011-09-16,45.209999084472656,45.4900016784668,43.91999816894531,45.06999969482422,34.53205108642578,3236500
2011-09-19,43.900001525878906,44.22999954223633,42.79999923706055,43.79999923706055,33.55898666381836,2716000
2011-09-20,44.0,44.7400016784668,43.5099983215332,43.529998779296875,33.352115631103516,2561500
2011-09-21,43.52000045776367,43.939998626708984,41.650001525878906,41.66999816894531,31.9269962310791,2601300
2011-09-22,40.220001220703125,40.630001068115234,38.970001220703125,39.84000015258789,30.52489471435547,5639500
2011-09-23,39.52000045776367,40.40999984741211,39.369998931884766,39.77000045776367,30.47126579284668,2404000
2011-09-26,40.22999954223633,41.150001525878906,39.060001373291016,41.099998474121094,31.490285873413086,2235600
2011-09-27,42.099998474121094,42.68000030517578,40.97999954223633,41.34000015258789,31.674175262451172,3015000
2011-09-28,41.599998474121094,42.0,39.91999816894531,39.9900016784668,30.63982391357422,4175100
2011-09-29,41.18000030517578,42.0,39.88999938964844,41.11000061035156,31.49793815612793,3575400
2011-09-30,40.209999084472656,40.470001220703125,39.36000061035156,39.36000061035156,30.157119750976562,2695100
2011-10-03,38.95000076293945,39.25,37.31999969482422,37.34000015258789,28.609432220458984,4678000
2011-10-04,36.59000015258789,38.400001525878906,36.0,38.18000030517578,29.253021240234375,5000000
2011-10-05,38.279998779296875,39.34000015258789,37.7599983215332,39.04999923706055,29.91958999633789,3110800
2011-10-06,38.83000183105469,40.779998779296875,37.849998474121094,40.709999084472656,31.19146728515625,3039500
2011-10-07,41.0099983215332,41.2599983215332,39.040000915527344,39.060001373291016,29.927261352539062,2419800
2011-10-10,40.04999923706055,41.09000015258789,39.93000030517578,41.08000183105469,31.4749698638916,1786700
2011-10-11,40.720001220703125,41.720001220703125,40.279998779296875,41.439998626708984,31.750791549682617,1910600
2011-10-12,41.83000183105469,43.68000030517578,41.77000045776367,42.91999816894531,32.88474655151367,2767900
2011-10-13,42.36000061035156,42.56999969482422,40.5099983215332,41.560001373291016,31.842735290527344,2424800
2011-10-14,43.38999938964844,43.58000183105469,42.06999969482422,42.880001068115234,32.85409927368164,1817600
2011-10-17,42.52000045776367,42.77000045776367,40.790000915527344,40.93000030517578,31.36003303527832,2257400
2011-10-18,41.06999969482422,43.06999969482422,40.66999816894531,42.689998626708984,32.708526611328125,2464300
2011-10-19,42.5,42.91999816894531,40.70000076293945,40.900001525878906,31.33704948425293,3109200
2011-10-20,40.77000045776367,41.86000061035156,40.400001525878906,41.70000076293945,31.94999885559082,2784900
2011-10-21,42.2400016784668,43.470001220703125,42.099998474121094,43.459999084472656,33.29848861694336,3207600
2011-10-24,43.7400016784668,45.060001373291016,43.59000015258789,44.70000076293945,34.24854278564453,2674600
2011-10-25,44.09000015258789,44.09000015258789,41.900001525878906,42.04999923706055,32.21815490722656,3460500
2011-10-26,42.95000076293945,43.209999084472656,41.20000076293945,42.86000061035156,32.83877182006836,4087100
2011-10-27,49.0,49.90999984741211,47.5099983215332,48.529998779296875,37.183048248291016,6176900
2011-10-28,48.290000915527344,49.029998779296875,47.70000076293945,48.7400016784668,37.343963623046875,3464400
2011-10-31,47.25,47.650001525878906,46.65999984741211,46.68000030517578,35.765602111816406,3063900
2011-11-01,45.20000076293945,45.4900016784668,43.84000015258789,44.09000015258789,33.78118896484375,3450300
2011-11-02,45.09000015258789,45.5,44.13999938964844,45.15999984741211,34.78244400024414,2622000
2011-11-03,45.709999084472656,47.2599983215332,44.630001068115234,46.81999969482422,36.06099319458008,2898700
2011-11-04,46.04999923706055,46.470001220703125,44.900001525878906,46.2599983215332,35.629676818847656,2146500
2011-11-07,46.08000183105469,46.970001220703125,45.540000915527344,46.93000030517578,36.14571762084961,2021300
2011-11-08,47.439998626708984,48.619998931884766,47.349998474121094,48.36000061035156,37.247100830078125,3831500
2011-11-09,46.709999084472656,46.869998931884766,45.2400016784668,45.349998474121094,34.92878341674805,3138800
2011-11-10,46.33000183105469,46.58000183105469,45.16999816894531,45.599998474121094,35.12132263183594,2512100
2011-11-11,46.459999084472656,47.31999969482422,46.43000030517578,47.220001220703125,36.36907958984375,1933800
2011-11-14,46.7599983215332,47.0,46.08000183105469,46.779998779296875,36.03017807006836,2166000
2011-11-15,46.33000183105469,47.349998474121094,46.0,46.880001068115234,36.107200622558594,2234300
2011-11-16,46.279998779296875,46.54999923706055,45.290000915527344,45.349998474121094,34.92878341674805,2707000
2011-11-17,45.220001220703125,45.2599983215332,43.900001525878906,44.16999816894531,34.01994705200195,3038300
2011-11-18,44.54999923706055,44.7400016784668,43.93000030517578,44.209999084472656,34.050750732421875,1766900
2011-11-21,44.060001373291016,44.16999816894531,42.59000015258789,43.08000183105469,33.18042755126953,1962600
2011-11-22,42.91999816894531,43.310001373291016,42.2599983215332,42.72999954223633,32.910850524902344,2100700
2011-11-23,42.150001525878906,42.310001373291016,41.290000915527344,41.310001373291016,31.817161560058594,2038800
2011-11-25,41.150001525878906,42.119998931884766,41.099998474121094,41.5099983215332,31.9711971282959,770900
2011-11-28,44.77000045776367,44.77000045776367,42.4900016784668,43.029998779296875,33.141910552978516,2491200
2011-11-29,43.130001068115234,43.31999969482422,42.54999923706055,42.880001068115234,33.02638626098633,2185100
2011-11-30,44.34000015258789,45.97999954223633,44.27000045776367,45.90999984741211,35.360107421875,3035200
2011-12-01,45.56999969482422,45.81999969482422,44.970001220703125,45.47999954223633,35.02891159057617,1205000
2011-12-02,45.959999084472656,47.33000183105469,45.84000015258789,45.97999954223633,35.41401290893555,1555600
2011-12-05,46.970001220703125,47.439998626708984,46.4900016784668,46.970001220703125,36.176517486572266,1607400
2011-12-06,46.88999938964844,47.36000061035156,46.41999816894531,46.939998626708984,36.15340805053711,1574900
2011-12-07,46.689998626708984,48.40999984741211,46.29999923706055,48.209999084472656,37.1315803527832,2105100
2011-12-08,47.68000030517578,47.70000076293945,45.43000030517578,45.58000183105469,35.105926513671875,2684000
2011-12-09,46.0,47.33000183105469,45.880001068115234,47.099998474121094,36.27663803100586,2704900
2011-12-12,46.34000015258789,46.34000015258789,45.16999816894531,45.66999816894531,35.175254821777344,2440500
2011-12-13,45.90999984741211,46.459999084472656,44.540000915527344,45.06999969482422,34.7131233215332,2860700
2011-12-14,44.68000030517578,45.400001525878906,44.36000061035156,44.95000076293945,34.620697021484375,2832100
2011-12-15,45.68000030517578,45.90999984741211,45.08000183105469,45.16999816894531,34.79014587402344,2799800
2011-12-16,46.150001525878906,46.689998626708984,45.68000030517578,46.54999923706055,35.853023529052734,6187400
2011-12-19,46.7400016784668,47.20000076293945,46.189998626708984,46.380001068115234,35.72209167480469,3029000
2011-12-20,47.25,49.060001373291016,47.15999984741211,49.0,37.74003219604492,3132700
2011-12-21,48.9900016784668,49.52000045776367,48.630001068115234,49.38999938964844,38.04042053222656,3903600
2011-12-22,49.470001220703125,50.400001525878906,49.189998626708984,50.04999923706055,38.54875183105469,2299200
2011-12-23,50.380001068115234,50.61000061035156,49.88999938964844,50.61000061035156,38.980064392089844,1131200
2011-12-27,50.33000183105469,50.779998779296875,50.029998779296875,50.029998779296875,38.53334426879883,1425000
2011-12-28,50.029998779296875,50.189998626708984,49.29999923706055,49.470001220703125,38.10203552246094,1195900
2011-12-29,49.7400016784668,50.849998474121094,49.720001220703125,50.540000915527344,38.92615509033203,1278400
2011-12-30,50.20000076293945,50.369998931884766,49.56999969482422,49.63999938964844,38.232975006103516,1763600
2012-01-03,51.15999984741211,52.349998474121094,51.029998779296875,51.45000076293945,39.62704086303711,2166100
2012-01-04,51.060001373291016,51.290000915527344,50.47999954223633,50.810001373291016,39.13410186767578,1931200
2012-01-05,50.36000061035156,51.33000183105469,49.65999984741211,51.2400016784668,39.46528625488281,1716700
2012-01-06,51.189998626708984,51.66999816894531,50.810001373291016,51.09000015258789,39.349761962890625,1740700
2012-01-09,51.220001220703125,51.65999984741211,50.880001068115234,51.099998474121094,39.35746765136719,1740700
2012-01-10,51.81999969482422,52.09000015258789,51.599998474121094,51.900001525878906,39.973628997802734,2976400
2012-01-11,51.529998779296875,51.93000030517578,51.13999938964844,51.75,39.858097076416016,1985200
2012-01-12,52.08000183105469,52.38999938964844,51.38999938964844,51.90999984741211,39.9813232421875,1900700
2012-01-13,50.97999954223633,52.130001068115234,50.56999969482422,51.400001525878906,39.588523864746094,1951300
2012-01-17,52.279998779296875,52.540000915527344,51.47999954223633,51.59000015258789,39.734867095947266,1601300
2012-01-18,51.599998474121094,52.56999969482422,51.20000076293945,52.5,40.435752868652344,1366700
2012-01-19,52.529998779296875,53.810001373291016,52.31999969482422,53.650001525878906,41.32148742675781,2081200
2012-01-20,53.880001068115234,54.9900016784668,53.68000030517578,54.68000030517578,42.11480712890625,2474200
2012-01-23,54.91999816894531,55.61000061035156,54.439998626708984,54.75,42.1687126159668,1908300
2012-01-24,54.04999923706055,54.470001220703125,53.810001373291016,54.22999954223633,41.7681999206543,1895800
2012-01-25,53.970001220703125,54.540000915527344,53.880001068115234,54.279998779296875,41.80671691894531,1944400
2012-01-26,54.61000061035156,55.130001068115234,54.13999938964844,54.68000030517578,42.11480712890625,2967300
2012-01-27,54.31999969482422,54.54999923706055,53.25,53.66999816894531,41.33689498901367,3209100
2012-01-30,52.880001068115234,53.7400016784668,52.290000915527344,53.279998779296875,41.0365104675293,1509200
2012-01-31,53.459999084472656,53.650001525878906,52.81999969482422,53.54999923706055,41.24446105957031,3069100
2012-02-01,54.810001373291016,55.400001525878906,53.95000076293945,54.779998779296875,42.191810607910156,3408800
2012-02-02,51.16999816894531,51.650001525878906,49.13999938964844,50.380001068115234,38.80291748046875,9200400
2012-02-03,50.970001220703125,53.65999984741211,50.810001373291016,53.650001525878906,41.32148742675781,3605700
2012-02-06,53.130001068115234,54.380001068115234,52.75,54.33000183105469,41.84523391723633,3008600
2012-02-07,53.90999984741211,54.93000030517578,53.68000030517578,54.91999816894531,42.29964065551758,2921000
2012-02-08,54.599998474121094,55.060001373291016,54.290000915527344,54.619998931884766,42.28416061401367,2754400
2012-02-09,54.970001220703125,55.380001068115234,53.970001220703125,54.099998474121094,41.88161087036133,2719800
2012-02-10,53.29999923706055,54.220001220703125,52.9900016784668,54.189998626708984,41.951271057128906,2332300
2012-02-13,54.75,55.150001525878906,54.060001373291016,55.040000915527344,42.60931396484375,2153100
2012-02-14,54.880001068115234,55.400001525878906,54.369998931884766,55.31999969482422,42.82606887817383,2688700
2012-02-15,55.400001525878906,55.5,54.529998779296875,54.86000061035156,42.46996307373047,2788200
2012-02-16,54.93000030517578,56.119998931884766,54.619998931884766,55.709999084472656,43.127986907958984,1498400
2012-02-17,56.04999923706055,56.63999938964844,55.869998931884766,56.540000915527344,43.770538330078125,1585600
2012-02-21,56.66999816894531,56.779998779296875,55.97999954223633,56.189998626708984,43.49957275390625,1703600
2012-02-22,56.47999954223633,56.47999954223633,55.63999938964844,55.84000015258789,43.2286262512207,1942400
2012-02-23,55.75,56.56999969482422,55.599998474121094,56.5,43.73957061767578,1743400
2012-02-24,56.72999954223633,56.959999084472656,56.150001525878906,56.40999984741211,43.66989517211914,1168800
2012-02-27,55.630001068115234,56.54999923706055,55.4900016784668,56.20000076293945,43.507328033447266,1226600
2012-02-28,56.2599983215332,56.400001525878906,55.91999816894531,56.18000030517578,43.491851806640625,2233200
2012-02-29,56.150001525878906,56.369998931884766,55.650001525878906,55.7599983215332,43.16670227050781,2558600
2012-03-01,56.04999923706055,56.66999816894531,55.88999938964844,56.16999816894531,43.484092712402344,1384900
2012-03-02,56.290000915527344,56.59000015258789,55.790000915527344,55.84000015258789,43.2286262512207,1090100
2012-03-05,55.619998931884766,55.779998779296875,55.25,55.540000915527344,42.99638748168945,1740100
2012-03-06,54.77000045776367,54.95000076293945,54.06999969482422,54.16999816894531,41.9358024597168,1625900
2012-03-07,54.43000030517578,54.79999923706055,54.2599983215332,54.54999923706055,42.22996520996094,1252900
2012-03-08,55.08000183105469,55.43000030517578,54.83000183105469,55.31999969482422,42.82606887817383,1404700
2012-03-09,55.439998626708984,56.58000183105469,55.220001220703125,56.08000183105469,43.4144172668457,1358600
2012-03-12,56.06999969482422,56.38999938964844,55.15999984741211,55.849998474121094,43.23637008666992,1183200
2012-03-13,56.189998626708984,57.650001525878906,56.0099983215332,57.599998474121094,44.59114456176758,2242900
2012-03-14,57.58000183105469,57.81999969482422,56.72999954223633,56.75,43.93311309814453,1725100
2012-03-15,56.79999923706055,58.11000061035156,56.40999984741211,58.02000045776367,44.916290283203125,1810100
2012-03-16,58.630001068115234,58.68000030517578,57.630001068115234,57.720001220703125,44.68403244018555,2253000
2012-03-19,57.34000015258789,58.470001220703125,57.189998626708984,58.09000015258789,44.970481872558594,1410800
2012-03-20,57.2400016784668,58.09000015258789,57.119998931884766,57.27000045776367,44.33567810058594,1933500
2012-03-21,57.369998931884766,57.900001525878906,57.119998931884766,57.38999938964844,44.428565979003906,1655500
2012-03-22,56.72999954223633,56.93000030517578,56.31999969482422,56.4900016784668,43.731834411621094,1768100
2012-03-23,56.279998779296875,57.290000915527344,55.86000061035156,57.099998474121094,44.204063415527344,1908800
2012-03-26,57.599998474121094,58.25,57.5,58.25,45.09433364868164,1331800
2012-03-27,58.27000045776367,58.369998931884766,57.689998626708984,57.70000076293945,44.668556213378906,1295200
2012-03-28,57.54999923706055,57.869998931884766,56.709999084472656,57.81999969482422,44.76144790649414,1631200
2012-03-29,56.95000076293945,57.0,55.90999984741211,56.43000030517578,43.68538284301758,2465700
2012-03-30,56.41999816894531,57.52000045776367,56.41999816894531,57.130001068115234,44.2272834777832,1533600
2012-04-02,57.18000030517578,57.939998626708984,57.08000183105469,57.7599983215332,44.714996337890625,1604600
2012-04-03,57.470001220703125,57.58000183105469,56.650001525878906,56.959999084472656,44.09567642211914,1334800
2012-04-04,56.29999923706055,56.709999084472656,55.91999816894531,56.06999969482422,43.40667724609375,1263600
2012-04-05,55.58000183105469,55.95000076293945,55.0,55.529998779296875,42.98863983154297,1767500
2012-04-09,54.27000045776367,54.779998779296875,54.22999954223633,54.459999084472656,42.1602897644043,1579000
2012-04-10,54.45000076293945,54.7400016784668,53.16999816894531,53.220001220703125,41.20035171508789,1825900
2012-04-11,54.18000030517578,54.810001373291016,53.7400016784668,53.849998474121094,41.68807601928711,1461900
2012-04-12,54.08000183105469,54.88999938964844,54.029998779296875,54.72999954223633,42.36930847167969,1768000
2012-04-13,54.41999816894531,54.45000076293945,53.130001068115234,53.130001068115234,41.130680084228516,1649500
2012-04-16,53.5,53.90999984741211,53.189998626708984,53.63999938964844,41.5255012512207,1518500
2012-04-17,54.220001220703125,55.4900016784668,54.150001525878906,55.16999816894531,42.709957122802734,1541800
2012-04-18,54.65999984741211,54.849998474121094,53.900001525878906,53.959999084472656,41.77322769165039,1522100
2012-04-19,53.880001068115234,54.2400016784668,53.04999923706055,53.560001373291016,41.46357345581055,1921800
2012-04-20,53.81999969482422,54.11000061035156,53.290000915527344,53.45000076293945,41.3784065246582,1607300
2012-04-23,52.439998626708984,53.130001068115234,51.95000076293945,52.84000015258789,40.90617370605469,2110600
2012-04-24,52.41999816894531,52.88999938964844,51.459999084472656,52.45000076293945,40.60425567626953,3336900
2012-04-25,53.0099983215332,53.70000076293945,52.849998474121094,53.599998474121094,41.49453353881836,1919200
2012-04-26,53.470001220703125,54.4900016784668,53.2599983215332,54.25,41.99773025512695,1760500
2012-04-27,54.290000915527344,54.54999923706055,53.7400016784668,54.08000183105469,41.866111755371094,1474700
2012-04-30,54.099998474121094,54.47999954223633,53.880001068115234,54.209999084472656,41.966773986816406,1008100
2012-05-01,53.959999084472656,55.0,53.959999084472656,54.2599983215332,42.005462646484375,1468500
2012-05-02,53.68000030517578,53.79999923706055,53.06999969482422,53.40999984741211,41.61587905883789,1625600
2012-05-03,53.439998626708984,53.54999923706055,52.540000915527344,52.79999923706055,41.14057540893555,1806200
2012-05-04,52.38999938964844,52.61000061035156,51.20000076293945,52.0,40.517242431640625,1898300
2012-05-07,51.70000076293945,52.22999954223633,51.43000030517578,52.06999969482422,40.571781158447266,1500000
2012-05-08,51.599998474121094,51.93000030517578,50.900001525878906,51.5099983215332,40.13544845581055,1746400
2012-05-09,50.630001068115234,51.13999938964844,50.31999969482422,50.599998474121094,39.426387786865234,1868500
2012-05-10,50.9900016784668,51.52000045776367,50.619998931884766,50.779998779296875,39.5666389465332,968400
2012-05-11,50.16999816894531,51.029998779296875,49.709999084472656,50.470001220703125,39.32510757446289,1008900
2012-05-14,49.56999969482422,50.279998779296875,49.349998474121094,49.65999984741211,38.69396209716797,1761400
2012-05-15,49.59000015258789,50.0099983215332,49.11000061035156,49.18000030517578,38.31996154785156,1113200
2012-05-16,49.459999084472656,49.63999938964844,47.81999969482422,47.849998474121094,37.28364181518555,1982100
2012-05-17,47.810001373291016,48.040000915527344,47.189998626708984,47.20000076293945,36.777198791503906,1933400
2012-05-18,47.52000045776367,47.75,46.31999969482422,46.40999984741211,36.16163635253906,1672600
2012-05-21,46.470001220703125,47.5099983215332,46.150001525878906,47.5,37.01093673706055,1396300
2012-05-22,47.79999923706055,48.38999938964844,47.0,47.310001373291016,36.86289596557617,1516300
2012-05-23,46.810001373291016,47.47999954223633,46.41999816894531,47.31999969482422,36.870697021484375,1881200
2012-05-24,47.630001068115234,47.93000030517578,47.13999938964844,47.900001525878906,37.32261657714844,1741100
2012-05-25,47.79999923706055,48.33000183105469,47.68000030517578,47.779998779296875,37.22910690307617,1482700
2012-05-29,48.119998931884766,48.529998779296875,48.0,48.400001525878906,37.71220397949219,1089400
2012-05-30,47.84000015258789,48.150001525878906,47.720001220703125,47.91999816894531,37.338191986083984,1913700
2012-05-31,47.83000183105469,48.369998931884766,47.15999984741211,47.91999816894531,37.338191986083984,2129100
2012-06-01,46.70000076293945,46.75,45.779998779296875,45.810001373291016,35.69412612915039,2359500
2012-06-04,46.11000061035156,46.38999938964844,45.2599983215332,45.459999084472656,35.42141342163086,1490800
2012-06-05,45.27000045776367,46.77000045776367,45.16999816894531,46.56999969482422,36.28630447387695,1673600
2012-06-06,46.869998931884766,48.369998931884766,46.77000045776367,48.369998931884766,37.6888313293457,1633000
2012-06-07,49.369998931884766,49.689998626708984,48.18000030517578,48.2599983215332,37.60310745239258,2031500
2012-06-08,48.0,48.709999084472656,47.369998931884766,48.529998779296875,37.81349182128906,1567200
2012-06-11,49.279998779296875,49.279998779296875,47.5099983215332,47.56999969482422,37.06548309326172,1465900
2012-06-12,47.970001220703125,48.36000061035156,47.439998626708984,48.33000183105469,37.65765380859375,1640500
2012-06-13,48.029998779296875,48.08000183105469,47.060001373291016,47.2400016784668,36.808345794677734,1621700
2012-06-14,47.45000076293945,48.04999923706055,47.310001373291016,47.91999816894531,37.338191986083984,1617600
2012-06-15,48.08000183105469,49.779998779296875,48.08000183105469,49.75,38.76408767700195,2639900
2012-06-18,49.349998474121094,49.720001220703125,49.060001373291016,49.650001525878906,38.686180114746094,1218500
2012-06-19,49.88999938964844,50.9900016784668,49.619998931884766,50.70000076293945,39.504310607910156,1916000
2012-06-20,50.81999969482422,51.88999938964844,50.689998626708984,51.13999938964844,39.84714126586914,2303700
2012-06-21,51.31999969482422,51.41999816894531,49.58000183105469,49.630001068115234,38.67059326171875,1849500
2012-06-22,49.91999816894531,51.2599983215332,49.91999816894531,50.81999969482422,39.597816467285156,2671100
2012-06-25,50.0099983215332,50.0099983215332,48.779998779296875,49.439998626708984,38.52254867553711,1741500
2012-06-26,49.47999954223633,50.25,49.22999954223633,49.790000915527344,38.79526138305664,1504000
2012-06-27,49.970001220703125,50.90999984741211,49.83000183105469,50.70000076293945,39.504310607910156,1506100
2012-06-28,50.38999938964844,50.84000015258789,49.900001525878906,50.79999923706055,39.58222579956055,1033700
2012-06-29,52.27000045776367,52.36000061035156,51.880001068115234,52.2599983215332,40.719825744628906,1717100
2012-07-02,52.36000061035156,52.599998474121094,51.72999954223633,51.9900016784668,40.509464263916016,1447900
2012-07-03,51.84000015258789,52.47999954223633,51.75,52.34000015258789,40.782169342041016,829300
2012-07-05,51.970001220703125,52.130001068115234,51.380001068115234,51.43000030517578,40.0731086730957,1330600
2012-07-06,50.63999938964844,51.279998779296875,50.63999938964844,50.959999084472656,39.70689392089844,1174400
2012-07-09,50.90999984741211,50.95000076293945,50.119998931884766,50.38999938964844,39.26277160644531,1218700
2012-07-10,50.869998931884766,51.41999816894531,50.08000183105469,50.22999954223633,39.138099670410156,1607400
2012-07-11,50.2400016784668,50.650001525878906,49.849998474121094,50.45000076293945,39.30950927734375,1147500
2012-07-12,49.869998931884766,49.970001220703125,49.20000076293945,49.61000061035156,38.65501403808594,1101100
2012-07-13,49.79999923706055,51.27000045776367,49.709999084472656,51.11000061035156,39.82378005981445,927300
2012-07-16,50.7599983215332,50.95000076293945,50.400001525878906,50.58000183105469,39.41081619262695,726900
2012-07-17,51.0,51.290000915527344,50.040000915527344,51.2599983215332,39.94065856933594,976700
2012-07-18,51.22999954223633,52.61000061035156,50.939998626708984,52.150001525878906,40.63412094116211,1435400
2012-07-19,52.22999954223633,52.650001525878906,51.56999969482422,51.90999984741211,40.44709777832031,1355200
2012-07-20,51.31999969482422,51.47999954223633,50.2599983215332,50.29999923706055,39.1926383972168,1301000
2012-07-23,49.13999938964844,49.4900016784668,48.41999816894531,49.15999984741211,38.30438995361328,1705800
2012-07-24,49.099998474121094,49.099998474121094,47.959999084472656,48.470001220703125,37.766746520996094,1489500
2012-07-25,48.599998474121094,48.83000183105469,47.84000015258789,47.97999954223633,37.384944915771484,1756100
2012-07-26,49.33000183105469,50.970001220703125,49.310001373291016,50.7599983215332,39.55105972290039,2119100
2012-07-27,51.380001068115234,53.0,51.0,52.529998779296875,40.93020248413086,2294500
2012-07-30,52.41999816894531,52.90999984741211,52.11000061035156,52.22999954223633,40.69645690917969,1149500
2012-07-31,51.93000030517578,52.040000915527344,51.540000915527344,51.720001220703125,40.29905700683594,1653800
2012-08-01,51.95000076293945,52.09000015258789,51.2599983215332,51.31999969482422,40.25985336303711,1432000
2012-08-02,50.70000076293945,51.18000030517578,50.0,50.810001373291016,39.859764099121094,1146800
2012-08-03,51.88999938964844,52.79999923706055,51.779998779296875,52.630001068115234,41.28752517700195,1010800
2012-08-06,52.689998626708984,53.15999984741211,52.41999816894531,52.880001068115234,41.483642578125,1154800
2012-08-07,53.189998626708984,54.77000045776367,53.09000015258789,54.25,42.558380126953125,1821400
2012-08-08,53.90999984741211,54.560001373291016,53.869998931884766,54.5,42.7545051574707,1106800
2012-08-09,54.29999923706055,54.720001220703125,53.97999954223633,54.369998931884766,42.652523040771484,1070300
2012-08-10,54.15999984741211,54.61000061035156,53.97999954223633,54.5,42.7545051574707,777600
2012-08-13,54.25,54.52000045776367,53.970001220703125,54.31999969482422,42.61330795288086,806600
2012-08-14,54.7599983215332,54.849998474121094,54.20000076293945,54.34000015258789,42.62899398803711,946100
2012-08-15,54.2599983215332,54.5099983215332,54.04999923706055,54.38999938964844,42.66822052001953,819500
2012-08-16,54.439998626708984,55.150001525878906,54.20000076293945,54.939998626708984,43.09968948364258,1257500
2012-08-17,55.099998474121094,55.369998931884766,54.970001220703125,55.29999923706055,43.38209915161133,952900
2012-08-20,55.06999969482422,55.27000045776367,54.7400016784668,55.0,43.14675521850586,594800
2012-08-21,55.0,55.790000915527344,54.650001525878906,54.869998931884766,43.044776916503906,723200
2012-08-22,54.68000030517578,55.09000015258789,54.400001525878906,54.81999969482422,43.00553894042969,596200
2012-08-23,54.7599983215332,54.959999084472656,54.33000183105469,54.400001525878906,42.67606735229492,568200
2012-08-24,54.2400016784668,55.29999923706055,54.11000061035156,55.18000030517578,43.2879638671875,894000
2012-08-27,55.25,55.31999969482422,54.060001373291016,54.150001525878906,42.47993850708008,1184100
2012-08-28,54.04999923706055,54.84000015258789,53.93000030517578,54.470001220703125,42.730979919433594,969300
2012-08-29,54.61000061035156,54.95000076293945,54.349998474121094,54.45000076293945,42.71527862548828,706400
2012-08-30,54.060001373291016,54.849998474121094,53.72999954223633,54.54999923706055,42.79372787475586,897800
2012-08-31,55.0,55.45000076293945,54.4900016784668,54.90999984741211,43.07615280151367,849200
2012-09-04,54.869998931884766,55.29999923706055,54.38999938964844,54.61000061035156,42.8408088684082,924600
2012-09-05,54.47999954223633,54.790000915527344,54.220001220703125,54.380001068115234,42.66037368774414,965800
2012-09-06,54.95000076293945,56.150001525878906,54.91999816894531,56.0099983215332,43.9390869140625,992700
2012-09-07,56.029998779296875,56.66999816894531,56.0,56.470001220703125,44.299949645996094,774200
2012-09-10,56.47999954223633,56.56999969482422,55.86000061035156,55.880001068115234,43.83710861206055,1073200
2012-09-11,55.880001068115234,56.43000030517578,55.86000061035156,56.150001525878906,44.04891586303711,926100
2012-09-12,56.5099983215332,56.88999938964844,56.349998474121094,56.65999984741211,44.44899368286133,938400
2012-09-13,56.0099983215332,58.15999984741211,55.7599983215332,58.119998931884766,45.5943603515625,2148500
2012-09-14,58.18000030517578,60.470001220703125,58.18000030517578,59.20000076293945,46.44159698486328,2769500
2012-09-17,59.130001068115234,59.130001068115234,58.220001220703125,58.34000015258789,45.76694107055664,1099000
2012-09-18,58.25,58.58000183105469,57.91999816894531,58.189998626708984,45.649269104003906,1043500
2012-09-19,58.16999816894531,58.33000183105469,57.68000030517578,57.810001373291016,45.35116195678711,1103900
2012-09-20,57.31999969482422,57.54999923706055,56.93000030517578,57.45000076293945,45.06875991821289,1222900
2012-09-21,57.790000915527344,58.2599983215332,57.439998626708984,57.599998474121094,45.186424255371094,1990100
2012-09-24,57.16999816894531,57.81999969482422,56.95000076293945,57.40999984741211,45.03736877441406,852400
2012-09-25,57.779998779296875,57.88999938964844,55.88999938964844,55.90999984741211,43.86064147949219,1357900
2012-09-26,55.95000076293945,56.41999816894531,55.349998474121094,56.08000183105469,43.99400329589844,1895600
2012-09-27,56.560001373291016,57.209999084472656,56.31999969482422,56.939998626708984,44.66865539550781,1038500
2012-09-28,56.939998626708984,56.9900016784668,56.20000076293945,56.689998626708984,44.4725456237793,1025100
2012-10-01,57.18000030517578,57.720001220703125,56.470001220703125,56.68000030517578,44.46468734741211,979300
2012-10-02,57.02000045776367,57.060001373291016,56.25,56.43000030517578,44.268592834472656,987100
2012-10-03,56.72999954223633,56.86000061035156,56.15999984741211,56.47999954223633,44.307796478271484,1085500
2012-10-04,56.91999816894531,58.130001068115234,56.91999816894531,57.77000045776367,45.31978988647461,1582900
2012-10-05,58.18000030517578,58.529998779296875,57.66999816894531,57.83000183105469,45.366851806640625,1505800
2012-10-08,57.5099983215332,57.900001525878906,57.36000061035156,57.689998626708984,45.25703048706055,566100
2012-10-09,57.439998626708984,57.90999984741211,57.20000076293945,57.29999923706055,44.951072692871094,921600
2012-10-10,57.369998931884766,57.54999923706055,56.70000076293945,56.779998779296875,44.54314422607422,1105900
2012-10-11,57.45000076293945,57.56999969482422,56.79999923706055,56.83000183105469,44.582359313964844,1441400
2012-10-12,56.77000045776367,56.9900016784668,55.65999984741211,55.959999084472656,43.899871826171875,1020800
2012-10-15,56.20000076293945,56.43000030517578,55.810001373291016,56.189998626708984,44.08028030395508,1151600
2012-10-16,56.72999954223633,58.18000030517578,56.72999954223633,57.88999938964844,45.41392135620117,1237900
2012-10-17,58.060001373291016,59.13999938964844,57.959999084472656,58.9900016784668,46.276851654052734,1078500
2012-10-18,58.84000015258789,59.27000045776367,58.560001373291016,58.91999816894531,46.22194290161133,1049000
2012-10-19,58.66999816894531,58.900001525878906,57.540000915527344,57.79999923706055,45.34332275390625,957200
2012-10-22,58.720001220703125,58.720001220703125,57.47999954223633,58.27000045776367,45.7120361328125,1329600
2012-10-23,57.02000045776367,57.40999984741211,56.72999954223633,57.119998931884766,44.80987548828125,1795400
2012-10-24,57.5099983215332,57.97999954223633,56.90999984741211,57.06999969482422,44.77064895629883,1683000
2012-10-25,58.59000015258789,60.68000030517578,58.41999816894531,59.0,46.284706115722656,2656200
2012-10-26,58.970001220703125,59.5,58.130001068115234,59.29999923706055,46.52004623413086,1974700
2012-10-31,58.900001525878906,59.380001068115234,56.130001068115234,58.369998931884766,45.79048156738281,3463400
2012-11-01,58.27000045776367,59.709999084472656,57.83000183105469,59.68000030517578,47.181907653808594,1544700
2012-11-02,60.0,60.709999084472656,59.75,60.119998931884766,47.529754638671875,3432200
2012-11-05,59.66999816894531,60.29999923706055,59.34000015258789,60.119998931884766,47.529754638671875,1799600
2012-11-06,60.27000045776367,61.040000915527344,60.099998474121094,60.45000076293945,47.79064178466797,1336000
2012-11-07,59.650001525878906,59.65999984741211,58.06999969482422,58.599998474121094,46.328067779541016,1702100
2012-11-08,58.689998626708984,59.40999984741211,57.9900016784668,58.0099983215332,45.861629486083984,1458100
2012-11-09,57.720001220703125,58.650001525878906,57.439998626708984,58.04999923706055,45.893245697021484,741700
2012-11-12,58.04999923706055,59.779998779296875,57.79999923706055,58.38999938964844,46.162044525146484,1075800
2012-11-13,57.75,59.58000183105469,57.65999984741211,58.54999923706055,46.288536071777344,1714000
2012-11-14,58.72999954223633,58.91999816894531,57.40999984741211,57.58000183105469,45.52168273925781,1636300
2012-11-15,57.400001525878906,58.369998931884766,57.20000076293945,58.060001373291016,45.90114974975586,1806400
2012-11-16,57.41999816894531,58.5,57.41999816894531,58.380001068115234,46.154144287109375,2166900
2012-11-19,59.279998779296875,59.869998931884766,59.16999816894531,59.7400016784668,47.229339599609375,1500700
2012-11-20,59.619998931884766,59.77000045776367,59.18000030517578,59.77000045776367,47.25305938720703,1441500
2012-11-21,59.86000061035156,60.310001373291016,59.4900016784668,60.16999816894531,47.56929016113281,1085700
2012-11-23,60.630001068115234,61.08000183105469,60.4900016784668,61.0,48.22547149658203,937000
2012-11-26,60.599998474121094,60.79999923706055,60.40999984741211,60.5,47.830177307128906,1832300
2012-11-27,60.380001068115234,60.97999954223633,60.130001068115234,60.150001525878906,47.553470611572266,1308000
2012-11-28,59.650001525878906,60.7400016784668,59.45000076293945,60.689998626708984,47.98038101196289,1348600
2012-11-29,60.95000076293945,61.7400016784668,60.75,61.459999084472656,48.58912658691406,1367200
2012-11-30,61.380001068115234,61.7400016784668,60.66999816894531,60.66999816894531,47.964569091796875,1900000
2012-12-03,60.91999816894531,61.4900016784668,60.810001373291016,61.099998474121094,48.30453109741211,1444700
2012-12-04,60.939998626708984,61.119998931884766,60.54999923706055,60.61000061035156,47.91713333129883,1124500
2012-12-05,60.61000061035156,61.36000061035156,60.47999954223633,61.119998931884766,48.32032775878906,1074400
2012-12-06,61.029998779296875,61.81999969482422,60.7400016784668,61.779998779296875,48.84211730957031,1152100
2012-12-07,61.900001525878906,62.70000076293945,61.83000183105469,62.349998474121094,49.292755126953125,1722200
2012-12-10,61.959999084472656,62.0,61.290000915527344,61.290000915527344,48.454734802246094,1738600
2012-12-11,61.68000030517578,61.93000030517578,61.38999938964844,61.5099983215332,48.628662109375,1569500
2012-12-12,61.75,62.7599983215332,61.65999984741211,61.900001525878906,48.93699264526367,1667800
2012-12-13,61.779998779296875,61.88999938964844,61.119998931884766,61.380001068115234,48.5258903503418,1133600
2012-12-14,61.209999084472656,61.59000015258789,61.09000015258789,61.220001220703125,48.399391174316406,860800
2012-12-17,61.630001068115234,62.5,61.54999923706055,62.4900016784668,49.40343475341797,1090600
2012-12-18,62.459999084472656,63.59000015258789,62.279998779296875,63.52000045776367,50.21773147583008,1756300
2012-12-19,63.4900016784668,63.75,62.90999984741211,62.90999984741211,49.7354850769043,1231600
2012-12-20,62.90999984741211,63.52000045776367,62.83000183105469,63.5099983215332,50.209835052490234,988000
2012-12-21,62.66999816894531,63.06999969482422,62.2400016784668,62.66999816894531,49.545738220214844,2420600
2012-12-24,62.540000915527344,63.0099983215332,62.400001525878906,62.88999938964844,49.71966552734375,511300
2012-12-26,62.959999084472656,63.119998931884766,62.40999984741211,62.470001220703125,49.38760757446289,700400
2012-12-27,62.540000915527344,62.79999923706055,61.630001068115234,62.56999969482422,49.46668243408203,1011200
2012-12-28,62.09000015258789,62.77000045776367,61.9900016784668,62.189998626708984,49.16625213623047,895200
2012-12-31,62.0,62.63999938964844,61.790000915527344,62.630001068115234,49.51411437988281,1187400
2013-01-02,64.25,65.30999755859375,64.16000366210938,65.27999877929688,51.60914993286133,1860300
2013-01-03,65.20999908447266,66.01000213623047,65.05999755859375,65.16999816894531,51.52220153808594,1673200
2013-01-04,65.23999786376953,66.02999877929688,65.0999984741211,65.94999694824219,52.13883972167969,827000
2013-01-07,65.6500015258789,65.75,64.97000122070312,65.25,51.585453033447266,1137000
2013-01-08,63.900001525878906,64.68000030517578,63.59000015258789,63.97999954223633,50.58140182495117,1452200
2013-01-09,64.25,64.61000061035156,64.12999725341797,64.2699966430664,50.8106689453125,957800
2013-01-10,64.80000305175781,65.0,64.48999786376953,65.0,51.387786865234375,939800
2013-01-11,64.7699966430664,65.36000061035156,64.62000274658203,65.06999969482422,51.443138122558594,1116900
2013-01-14,65.08000183105469,65.37999725341797,64.95999908447266,65.30000305175781,51.62495803833008,1347600
2013-01-15,64.93000030517578,65.12000274658203,64.38999938964844,64.87999725341797,51.292930603027344,1247800
2013-01-16,64.62999725341797,64.70999908447266,64.0999984741211,64.25,50.79487228393555,1197000
2013-01-17,64.52999877929688,65.5999984741211,64.41999816894531,65.4000015258789,51.70402908325195,1283100
2013-01-18,65.26000213623047,65.91999816894531,64.79000091552734,65.9000015258789,52.09931564331055,1305600
2013-01-22,65.69000244140625,66.52999877929688,65.62000274658203,66.52999877929688,52.59736633300781,857700
2013-01-23,66.36000061035156,66.4800033569336,65.94999694824219,66.43000030517578,52.51832962036133,678900
2013-01-24,66.52999877929688,67.30999755859375,66.38999938964844,66.87999725341797,52.87408447265625,1215300
2013-01-25,67.0999984741211,67.37999725341797,66.56999969482422,67.37999725341797,53.26937484741211,950700
2013-01-28,67.4000015258789,67.4000015258789,66.33000183105469,66.79000091552734,52.80292892456055,879500
2013-01-29,66.55000305175781,67.41000366210938,66.25,67.38999938964844,53.27727508544922,1370200
2013-01-30,67.19000244140625,67.31999969482422,66.30999755859375,66.86000061035156,52.85826873779297,1763100
2013-01-31,66.86000061035156,67.44000244140625,65.72000122070312,66.31999969482422,52.43135070800781,2338700
2013-02-01,67.1500015258789,67.33999633789062,66.48999786376953,67.1500015258789,53.08754348754883,1508100
2013-02-04,66.66999816894531,66.76000213623047,65.13999938964844,65.30999755859375,51.63287353515625,3297200
2013-02-05,65.94000244140625,66.54000091552734,65.75,66.27999877929688,52.399742126464844,1494400
2013-02-06,65.80000305175781,66.61000061035156,65.7300033569336,66.61000061035156,52.66062927246094,1327400
2013-02-07,66.4800033569336,66.72000122070312,65.47000122070312,66.12999725341797,52.63674545288086,1321000
2013-02-08,66.20999908447266,66.62000274658203,66.08000183105469,66.48999786376953,52.923301696777344,862400
2013-02-11,66.4000015258789,66.69000244140625,66.16999816894531,66.48999786376953,52.923301696777344,636000
2013-02-12,66.70999908447266,67.54000091552734,66.5999984741211,67.48999786376953,53.7192497253418,1445900
2013-02-13,67.5,68.22000122070312,67.31999969482422,67.88999938964844,54.03764724731445,1173800
2013-02-14,67.58000183105469,69.12000274658203,67.58000183105469,69.04000091552734,54.95299530029297,1573000
2013-02-15,69.16999816894531,69.33999633789062,68.70999908447266,68.7699966430664,54.73807907104492,1748200
2013-02-19,68.83000183105469,69.1500015258789,68.83000183105469,69.02999877929688,54.945030212402344,1477500
2013-02-20,68.9000015258789,69.06999969482422,67.88999938964844,67.94999694824219,54.08539962768555,1537900
2013-02-21,67.69999694824219,67.81999969482422,67.05999755859375,67.25,53.52821731567383,1174100
2013-02-22,67.6500015258789,67.93000030517578,67.4800033569336,67.93000030517578,54.06947326660156,1017600
2013-02-25,68.30999755859375,68.7300033569336,66.25,66.25,52.73226547241211,1627300
2013-02-26,66.66000366210938,66.88999938964844,65.94999694824219,66.62000274658203,53.02678680419922,1675000
2013-02-27,66.30999755859375,68.27999877929688,66.30999755859375,68.11000061035156,54.21275329589844,1230400
2013-02-28,68.11000061035156,69.1500015258789,67.9800033569336,68.62999725341797,54.62665557861328,1847400
2013-03-01,68.04000091552734,68.37999725341797,66.94000244140625,68.08000183105469,54.18886947631836,2272600
2013-03-04,68.0,68.9000015258789,67.79000091552734,68.87000274658203,54.81766891479492,1460700
2013-03-05,69.37000274658203,70.56999969482422,69.18000030517578,70.2699966430664,55.93202209472656,1784900
2013-03-06,70.51000213623047,70.61000061035156,70.1500015258789,70.51000213623047,56.123046875,2132600
2013-03-07,70.69000244140625,71.06999969482422,70.41999816894531,70.73999786376953,56.30611801147461,988200
2013-03-08,71.19000244140625,72.11000061035156,71.16000366210938,72.08999633789062,57.38064956665039,1896300
2013-03-11,72.05000305175781,72.47000122070312,71.9000015258789,72.20999908447266,57.47616958618164,1568300
2013-03-12,72.08999633789062,72.3499984741211,71.83000183105469,71.91999816894531,57.24534606933594,1140400
2013-03-13,72.19999694824219,73.4000015258789,71.66999816894531,73.3499984741211,58.383575439453125,1267000
2013-03-14,73.8499984741211,74.5199966430664,73.56999969482422,74.45999908447266,59.267086029052734,1778200
2013-03-15,73.86000061035156,74.63999938964844,73.58000183105469,74.33000183105469,59.16361999511719,2561900
2013-03-18,73.36000061035156,74.70999908447266,73.2699966430664,74.16999816894531,59.036251068115234,1941900
2013-03-19,74.44000244140625,74.75,73.68000030517578,73.97000122070312,58.877052307128906,2203100
2013-03-20,74.36000061035156,75.13999938964844,74.3499984741211,74.87999725341797,59.60139846801758,1058100
2013-03-21,74.5,75.0,73.5999984741211,73.63999938964844,58.614418029785156,1529200
2013-03-22,73.87000274658203,74.0999984741211,73.5,73.6500015258789,58.62236404418945,1139400
2013-03-25,74.08000183105469,74.37999725341797,72.9800033569336,73.47000122070312,58.47911834716797,1160200
2013-03-26,73.70999908447266,74.2300033569336,73.33999633789062,73.69000244140625,58.65420913696289,1847400
2013-03-27,72.75,73.19000244140625,72.63999938964844,73.05000305175781,58.14478302001953,2141200
2013-03-28,72.97000122070312,73.81999969482422,72.8499984741211,73.6500015258789,58.62236404418945,1577400
2013-04-01,73.5199966430664,74.0,72.69999694824219,72.87000274658203,58.00152587890625,1205400
2013-04-02,73.13999938964844,73.52999877929688,72.8499984741211,73.43000030517578,58.44725799560547,1789300
2013-04-03,73.63999938964844,73.6500015258789,71.55000305175781,71.80999755859375,57.157798767089844,1311100
2013-04-04,71.95999908447266,72.47000122070312,71.69999694824219,72.0,57.309024810791016,1092300
2013-04-05,70.66999816894531,71.56999969482422,70.2699966430664,71.4800033569336,56.89512252807617,1076500
2013-04-08,71.29000091552734,72.3499984741211,71.16000366210938,72.33000183105469,57.571685791015625,883800
2013-04-09,72.43000030517578,73.19999694824219,72.11000061035156,72.80999755859375,57.953758239746094,789900
2013-04-10,72.79000091552734,74.56999969482422,72.79000091552734,74.47000122070312,59.27505874633789,1014200
2013-04-11,74.5999984741211,75.5,74.48999786376953,75.27999877929688,59.91976547241211,1175700
2013-04-12,74.77999877929688,75.08999633789062,74.2300033569336,74.7300033569336,59.481990814208984,754100
2013-04-15,74.47000122070312,74.52999877929688,71.87999725341797,71.93000030517578,57.25331497192383,1386800
2013-04-16,72.88999938964844,73.20999908447266,72.0999984741211,73.13999938964844,58.2164192199707,1268300
2013-04-17,72.4000015258789,72.45999908447266,70.81999969482422,71.30000305175781,56.751869201660156,1659300
2013-04-18,71.47000122070312,71.4800033569336,69.3499984741211,69.5999984741211,55.398746490478516,2156900
2013-04-19,70.0999984741211,72.20999908447266,69.83999633789062,72.18000030517578,57.452301025390625,1977800
2013-04-22,71.9800033569336,72.55999755859375,70.8499984741211,72.37999725341797,57.61149978637695,1240200
2013-04-23,73.0,74.56999969482422,72.83000183105469,73.63999938964844,58.614418029785156,1779400
2013-04-24,73.79000091552734,73.9800033569336,72.56999969482422,72.6500015258789,57.82640075683594,1712700
2013-04-25,73.16999816894531,74.2699966430664,72.83000183105469,73.9800033569336,58.88504409790039,1117200
2013-04-26,73.73999786376953,74.1500015258789,73.2699966430664,73.4800033569336,58.487060546875,952700
2013-04-29,73.66000366210938,74.36000061035156,73.30999755859375,74.18000030517578,59.04422378540039,1025000
2013-04-30,74.22000122070312,74.9000015258789,73.63999938964844,74.52999877929688,59.32282638549805,1306500
2013-05-01,74.3499984741211,74.3499984741211,72.91000366210938,72.95999908447266,58.073143005371094,1618700
2013-05-02,72.88999938964844,73.72000122070312,72.30000305175781,73.55999755859375,58.97102737426758,1624300
2013-05-03,74.56999969482422,75.95999908447266,74.33000183105469,75.80000305175781,60.76676559448242,1790900
2013-05-06,75.73999786376953,76.7699966430664,75.66000366210938,76.63999938964844,61.44016647338867,1148300
2013-05-07,77.05999755859375,77.58999633789062,76.51000213623047,77.3499984741211,62.009368896484375,1048000
2013-05-08,77.19999694824219,77.23999786376953,76.5999984741211,76.98999786376953,61.720767974853516,1604600
2013-05-09,76.91000366210938,77.31999969482422,76.38999938964844,76.54000091552734,61.360008239746094,1165900
2013-05-10,76.62000274658203,78.25,76.5,78.19999694824219,62.69076919555664,1125900
2013-05-13,78.0999984741211,79.25,77.6500015258789,79.05000305175781,63.37220001220703,1430700
2013-05-14,79.05000305175781,80.94999694824219,78.91000366210938,80.86000061035156,64.8232421875,1549300
2013-05-15,80.43000030517578,81.55000305175781,80.1500015258789,81.54000091552734,65.36835479736328,1171000
2013-05-16,81.16000366210938,81.77999877929688,80.3499984741211,80.45999908447266,64.50257873535156,1179900
2013-05-17,81.02999877929688,81.93000030517578,80.9000015258789,81.69000244140625,65.48860931396484,1146900
2013-05-20,81.48999786376953,82.02999877929688,81.43000030517578,81.70999908447266,65.50465393066406,1041500
2013-05-21,81.7699966430664,82.02999877929688,81.16999816894531,81.52999877929688,65.36032104492188,1466300
2013-05-22,81.7699966430664,82.97000122070312,80.44000244140625,80.80999755859375,64.78313446044922,1483500
2013-05-23,79.55000305175781,81.08999633789062,79.13999938964844,80.38999938964844,64.4464340209961,1159600
2013-05-24,79.69000244140625,80.30000305175781,79.33999633789062,80.19999694824219,64.29413604736328,793400
2013-05-28,81.66000366210938,82.93000030517578,81.54000091552734,82.5199966430664,66.15399932861328,1083700
2013-05-29,81.75,82.68000030517578,81.51000213623047,82.12000274658203,65.83334350585938,1110600
2013-05-30,82.1500015258789,84.29000091552734,81.9000015258789,83.94000244140625,67.29238891601562,1300000
2013-05-31,83.20999908447266,83.73999786376953,81.5199966430664,81.5199966430664,65.35234832763672,1553700
2013-06-03,81.91000366210938,82.25,80.29000091552734,81.02999877929688,64.95950317382812,2473700
2013-06-04,81.19999694824219,82.80999755859375,81.11000061035156,82.18000030517578,65.88143157958984,1936600
2013-06-05,81.80999755859375,81.91999816894531,79.63999938964844,79.7300033569336,63.91733932495117,1634800
2013-06-06,79.7300033569336,81.0199966430664,79.33000183105469,81.0199966430664,64.95149993896484,1113500
2013-06-07,81.73999786376953,83.18000030517578,81.1500015258789,83.06999969482422,66.59490966796875,1411100
2013-06-10,83.4800033569336,83.66999816894531,82.4800033569336,83.13999938964844,66.65104675292969,1137900
2013-06-11,82.08000183105469,83.69999694824219,81.62000274658203,82.5199966430664,66.15399932861328,1268100
2013-06-12,83.25,83.52999877929688,81.02999877929688,81.11000061035156,65.02367401123047,934200
2013-06-13,81.08999633789062,83.20999908447266,80.8499984741211,82.98999786376953,66.5307846069336,782600
2013-06-14,82.83999633789062,83.11000061035156,81.5,81.86000061035156,65.62490844726562,1501000
2013-06-17,82.66000366210938,83.47000122070312,82.27999877929688,82.63999938964844,66.25019836425781,1309500
2013-06-18,82.95999908447266,83.80000305175781,82.8499984741211,83.38999938964844,66.85144805908203,821400
2013-06-19,83.23999786376953,83.75,81.5199966430664,81.52999877929688,65.36032104492188,1659600
2013-06-20,80.62000274658203,81.26000213623047,78.7300033569336,79.05999755859375,63.38023376464844,2207400
2013-06-21,80.08000183105469,80.30999755859375,78.26000213623047,79.16000366210938,63.460411071777344,2451000
2013-06-24,78.25,78.4000015258789,76.7699966430664,77.44999694824219,62.08951950073242,1640500
2013-06-25,78.37000274658203,79.7300033569336,77.9000015258789,79.26000213623047,63.540550231933594,1137300
2013-06-26,80.18000030517578,80.88999938964844,79.91999816894531,80.33000183105469,64.3983383178711,1307900
2013-06-27,80.98999786376953,81.75,80.68000030517578,81.69000244140625,65.48860931396484,1078400
2013-06-28,81.4000015258789,81.41999816894531,80.43000030517578,80.87999725341797,64.83924102783203,1806900
2013-07-01,81.5999984741211,82.41999816894531,81.37000274658203,81.44000244140625,65.28820037841797,1051100
2013-07-02,81.37000274658203,82.41000366210938,81.19000244140625,81.81999969482422,65.59283447265625,1029000
2013-07-03,81.0,81.33000183105469,80.48999786376953,81.12000274658203,65.03166961669922,658300
2013-07-05,82.02999877929688,83.12000274658203,81.56999969482422,83.0999984741211,66.61898040771484,533800
2013-07-08,83.87000274658203,84.37999725341797,83.4000015258789,83.58000183105469,67.00376892089844,755100
2013-07-09,84.54000091552734,85.0,83.54000091552734,84.91999816894531,68.07801818847656,889300
2013-07-10,84.66000366210938,85.16999816894531,83.94999694824219,84.55999755859375,67.78942108154297,1106000
2013-07-11,86.16999816894531,86.58000183105469,85.62999725341797,86.45999908447266,69.31260681152344,1121200
2013-07-12,86.52999877929688,86.77999877929688,86.01000213623047,86.5999984741211,69.42483520507812,1218900
2013-07-15,86.91999816894531,87.0,86.30999755859375,86.33000183105469,69.20836639404297,948700
2013-07-16,86.33000183105469,86.69999694824219,85.23999786376953,85.4000015258789,68.46281433105469,984300
2013-07-17,85.58000183105469,86.05000305175781,85.26000213623047,85.79000091552734,68.77546691894531,1031400
2013-07-18,86.2300033569336,87.05999755859375,85.76000213623047,86.83999633789062,69.61722564697266,1289500
2013-07-19,86.41999816894531,86.80999755859375,85.83000183105469,86.30999755859375,69.19232177734375,987100
2013-07-22,86.33000183105469,87.47000122070312,86.23999786376953,87.36000061035156,70.03408813476562,670800
2013-07-23,87.5999984741211,87.70999908447266,86.62000274658203,86.66999816894531,69.48094177246094,1104500
2013-07-24,87.08999633789062,87.30000305175781,85.91999816894531,86.23999786376953,69.1362533569336,1571100
2013-07-25,86.91000366210938,88.26000213623047,86.41999816894531,87.5999984741211,70.22648620605469,2171000
2013-07-26,86.79000091552734,88.19000244140625,86.79000091552734,88.18000030517578,70.69146728515625,1330100
2013-07-29,87.76000213623047,88.02999877929688,87.19000244140625,87.61000061035156,70.23451232910156,1112900
2013-07-30,88.19999694824219,89.11000061035156,87.76000213623047,88.97000122070312,71.32479095458984,1464000
2013-07-31,88.88999938964844,89.79000091552734,88.66000366210938,89.0,71.34884643554688,1701100
2013-08-01,89.94999694824219,91.13999938964844,89.63999938964844,90.9800033569336,73.36481475830078,1319200
2013-08-02,90.66999816894531,91.22000122070312,90.41999816894531,91.20999908447266,73.55027770996094,833800
2013-08-05,90.69000244140625,91.19999694824219,90.2300033569336,91.1500015258789,73.50189971923828,760300
2013-08-06,90.7699966430664,91.04000091552734,89.68000030517578,89.86000061035156,72.46165466308594,1140300
2013-08-07,89.5999984741211,89.83999633789062,88.58999633789062,89.54000091552734,72.20360565185547,965700
2013-08-08,90.4800033569336,90.7699966430664,89.02999877929688,89.91999816894531,72.51002502441406,789000
2013-08-09,89.76000213623047,90.5199966430664,89.5,90.08000183105469,72.63906860351562,725300
2013-08-12,89.69000244140625,90.0999984741211,88.95999908447266,89.30999755859375,72.01815032958984,1236400
2013-08-13,89.7300033569336,90.76000213623047,89.19999694824219,90.2699966430664,72.79227447509766,606400
2013-08-14,90.16000366210938,90.68000030517578,89.66999816894531,89.69999694824219,72.33260345458984,735900
2013-08-15,88.9800033569336,89.01000213623047,87.5,87.80000305175781,70.8005142211914,854600
2013-08-16,87.69999694824219,88.7300033569336,87.51000213623047,88.2300033569336,71.14724731445312,1079200
2013-08-19,88.2300033569336,88.5999984741211,87.18000030517578,87.19999694824219,70.31668090820312,888300
2013-08-20,87.33999633789062,88.37000274658203,86.98999786376953,88.02999877929688,70.9859619140625,825700
2013-08-21,87.75,88.5199966430664,86.9800033569336,87.44999694824219,70.51826477050781,775400
2013-08-22,87.87999725341797,89.25,87.52999877929688,89.02999877929688,71.79232025146484,643500
2013-08-23,89.05000305175781,89.26000213623047,88.04000091552734,89.02999877929688,71.79232025146484,527300
2013-08-26,89.0199966430664,89.5,88.30000305175781,88.30000305175781,71.20370483398438,648000
2013-08-27,86.94999694824219,87.37000274658203,85.43000030517578,85.43000030517578,68.88937377929688,937700
2013-08-28,85.44000244140625,86.79000091552734,85.23999786376953,86.13999938964844,69.4618911743164,828100
2013-08-29,85.6500015258789,87.91999816894531,85.6500015258789,87.11000061035156,70.24409484863281,825700
2013-08-30,87.13999938964844,87.26000213623047,85.61000061035156,86.1500015258789,69.46995544433594,976000
2013-09-03,87.58999633789062,88.31999969482422,86.08000183105469,87.08000183105469,70.21990966796875,1001200
2013-09-04,86.37999725341797,87.94999694824219,85.93000030517578,87.48999786376953,70.55052185058594,1256700
2013-09-05,87.44000244140625,88.6500015258789,87.26000213623047,87.79000091552734,70.79244232177734,1101700
2013-09-06,87.8499984741211,88.23999786376953,86.1500015258789,87.58999633789062,70.63117980957031,752900
2013-09-09,87.8499984741211,89.01000213623047,87.83999633789062,88.9000015258789,71.68753051757812,749400
2013-09-10,89.7699966430664,91.12000274658203,89.7300033569336,90.72000122070312,73.15513610839844,964500
2013-09-11,90.58999633789062,91.0,90.05000305175781,90.95999908447266,73.34867095947266,752400
2013-09-12,90.87999725341797,91.12000274658203,90.12999725341797,90.38999938964844,72.8890380859375,611900
2013-09-13,90.7699966430664,90.8499984741211,89.93000030517578,90.80000305175781,73.2196273803711,705700
2013-09-16,92.08999633789062,92.63999938964844,91.69000244140625,92.55999755859375,74.63886260986328,1158200
2013-09-17,92.55999755859375,93.75,92.48999786376953,93.33000183105469,75.25981903076172,1610200
2013-09-18,93.29000091552734,94.30999755859375,92.73999786376953,93.95999908447266,75.76783752441406,1349000
2013-09-19,94.30999755859375,94.44999694824219,93.2300033569336,93.41999816894531,75.33236694335938,1097600
2013-09-20,93.44000244140625,94.04000091552734,91.91999816894531,92.22000122070312,74.3647232055664,2060700
2013-09-23,91.4000015258789,92.05999755859375,90.7300033569336,91.3499984741211,73.66317749023438,1006500
2013-09-24,91.41000366210938,91.88999938964844,90.9000015258789,91.0,73.38094329833984,1140500
2013-09-25,91.18000030517578,91.94000244140625,90.83999633789062,91.16000366210938,73.50996398925781,770100
2013-09-26,91.22000122070312,92.16999816894531,91.0,91.58999633789062,73.85668182373047,607500
2013-09-27,90.73999786376953,91.58000183105469,90.45999908447266,91.43000030517578,73.72767639160156,601300
2013-09-30,90.36000061035156,91.51000213623047,90.12000274658203,91.08000183105469,73.4454574584961,961900
2013-10-01,91.19999694824219,92.19999694824219,91.0199966430664,92.18000030517578,74.33248138427734,747300
2013-10-02,91.16999816894531,92.16000366210938,90.72000122070312,92.16000366210938,74.31634521484375,816800
2013-10-03,91.66000366210938,92.12000274658203,90.05000305175781,91.55999755859375,73.83251953125,1028300
2013-10-04,91.44000244140625,92.91999816894531,90.55000305175781,92.88999938964844,74.90497589111328,813900
2013-10-07,91.77999877929688,92.69000244140625,91.47000122070312,91.88999938964844,74.0986099243164,978100
2013-10-08,92.0199966430664,92.3499984741211,89.81999969482422,89.8499984741211,72.45356750488281,1242300
2013-10-09,90.23999786376953,90.9800033569336,89.37000274658203,90.47000122070312,72.95353698730469,765700
2013-10-10,92.37000274658203,93.4000015258789,92.12999725341797,93.3499984741211,75.27591705322266,994700
2013-10-11,93.13999938964844,94.7300033569336,93.13999938964844,94.30000305175781,76.0420150756836,1139000
2013-10-14,93.4800033569336,94.68000030517578,92.88999938964844,94.54000091552734,76.23553466796875,881000
2013-10-15,94.29000091552734,94.80999755859375,93.47000122070312,93.66999816894531,75.53396606445312,1035700
2013-10-16,94.55999755859375,96.56999969482422,94.41000366210938,96.47000122070312,77.7918472290039,1120800
2013-10-17,96.33000183105469,98.22000122070312,95.7300033569336,98.12999725341797,79.13044738769531,1640400
2013-10-18,98.62999725341797,99.83999633789062,98.08999633789062,99.75,80.43679809570312,1075200
2013-10-21,99.80999755859375,99.91999816894531,98.80000305175781,99.08000183105469,79.89653015136719,1241800
2013-10-22,99.55000305175781,100.19000244140625,99.06999969482422,99.76000213623047,80.44483947753906,1026400
2013-10-23,99.31999969482422,99.5,98.19999694824219,98.73999786376953,79.62234497070312,1025000
2013-10-24,99.18000030517578,99.7699966430664,98.61000061035156,99.52999877929688,80.25939178466797,897700
2013-10-25,99.87000274658203,100.16999816894531,99.27999877929688,99.55999755859375,80.28357696533203,1004300
2013-10-28,99.6500015258789,99.76000213623047,98.70999908447266,98.91000366210938,79.75943756103516,1003700
2013-10-29,99.06999969482422,99.73999786376953,98.94000244140625,99.38999938964844,80.14649963378906,1243200
2013-10-30,98.87000274658203,102.26000213623047,98.87000274658203,100.79000091552734,81.27542877197266,1493700
2013-10-31,100.69999694824219,101.87999725341797,100.30999755859375,100.54000091552734,81.0738296508789,1253700
2013-11-01,100.66999816894531,101.29000091552734,100.2699966430664,101.05999755859375,81.49314880371094,1088600
2013-11-04,101.0,101.5999984741211,100.75,101.23999786376953,81.6383056640625,1237200
2013-11-05,101.02999877929688,101.7699966430664,100.56999969482422,101.2699966430664,81.66248321533203,891500
2013-11-06,101.81999969482422,102.7300033569336,101.7699966430664,102.20999908447266,82.42047882080078,1464700
2013-11-07,102.22000122070312,102.86000061035156,100.22000122070312,100.43000030517578,81.39924621582031,1497200
2013-11-08,100.41000366210938,103.22000122070312,100.26000213623047,103.12000274658203,83.57952117919922,1724000
2013-11-11,103.30999755859375,104.20999908447266,102.8499984741211,103.83999633789062,84.16310119628906,884600
2013-11-12,103.19000244140625,103.83000183105469,102.36000061035156,102.87000274658203,83.37689971923828,1124100
2013-11-13,102.16000366210938,104.20999908447266,102.08999633789062,104.16000366210938,84.4224624633789,1186700
2013-11-14,104.20999908447266,105.30999755859375,103.95999908447266,105.22000122070312,85.28157806396484,736000
2013-11-15,105.30000305175781,105.79000091552734,104.93000030517578,105.47000122070312,85.48420715332031,1083100
2013-11-18,105.91999816894531,106.18000030517578,104.93000030517578,105.25,85.305908203125,826700
2013-11-19,105.25,106.04000091552734,105.06999969482422,105.19999694824219,85.2653579711914,1073300
2013-11-20,105.25,106.29000091552734,104.80999755859375,105.47000122070312,85.48420715332031,850500
2013-11-21,105.66000366210938,107.01000213623047,105.66000366210938,106.79000091552734,86.55408477783203,1248000
2013-11-22,106.79000091552734,107.69000244140625,106.5,107.58000183105469,87.19438934326172,1242800
2013-11-25,107.95999908447266,108.12000274658203,107.33999633789062,107.5,87.12952423095703,822400
2013-11-26,107.5999984741211,109.05999755859375,107.52999877929688,108.30000305175781,87.7779312133789,1398600
2013-11-27,108.5,108.97000122070312,108.05999755859375,108.52999877929688,87.96437072753906,646100
2013-11-29,108.80000305175781,109.12000274658203,108.2300033569336,108.25,87.73741912841797,330500
2013-12-02,108.30999755859375,109.55999755859375,108.08999633789062,108.2300033569336,87.7212142944336,941200
2013-12-03,107.45999908447266,107.97000122070312,106.5199966430664,106.9000015258789,86.6432113647461,1123700
2013-12-04,106.51000213623047,107.80999755859375,105.7300033569336,107.01000213623047,86.73240661621094,863100
2013-12-05,106.44000244140625,106.72000122070312,105.68000030517578,106.2300033569336,86.10021209716797,805700
2013-12-06,107.7300033569336,109.22000122070312,107.69000244140625,108.98999786376953,88.33719635009766,875600
2013-12-09,109.02999877929688,109.87000274658203,108.6500015258789,108.98999786376953,88.33719635009766,1281600
2013-12-10,108.5199966430664,108.5199966430664,107.41000366210938,108.18000030517578,87.6806869506836,1323500
2013-12-11,108.23999786376953,108.62000274658203,106.19000244140625,106.4000015258789,86.23799896240234,1161900
2013-12-12,106.25,107.29000091552734,106.11000061035156,106.5199966430664,86.33522033691406,1069000
2013-12-13,106.86000061035156,107.52999877929688,106.08999633789062,106.68000030517578,86.46490478515625,1121700
2013-12-16,107.51000213623047,109.19000244140625,107.37999725341797,109.0,88.34529876708984,1150800
2013-12-17,108.8499984741211,109.2300033569336,108.5,108.58000183105469,88.00489044189453,1193800
2013-12-18,109.12000274658203,111.8499984741211,107.80999755859375,111.81999969482422,90.63095092773438,1250700
2013-12-19,111.43000030517578,111.5,110.6500015258789,110.83999633789062,89.83663177490234,1269300
2013-12-20,111.25,112.66999816894531,111.0,111.80999755859375,90.62281036376953,1796200
2013-12-23,112.76000213623047,113.43000030517578,112.33999633789062,113.06999969482422,91.6440658569336,869300
2013-12-24,112.43000030517578,113.06999969482422,112.19999694824219,112.87999725341797,91.49005126953125,378700
2013-12-26,113.1500015258789,114.1500015258789,112.79000091552734,113.80999755859375,92.24382019042969,412400
2013-12-27,113.91000366210938,114.2699966430664,113.44000244140625,113.94000244140625,92.34918975830078,465000
2013-12-30,113.86000061035156,114.33000183105469,113.38999938964844,113.58999633789062,92.06552124023438,492600
2013-12-31,113.73999786376953,115.36000061035156,113.73999786376953,115.05000305175781,93.2488784790039,686500
2014-01-02,114.58000183105469,114.80999755859375,113.41999816894531,113.87999725341797,92.3005599975586,783800
2014-01-03,113.86000061035156,114.83999633789062,113.41000366210938,113.9000015258789,92.31678771972656,980000
2014-01-06,114.55000305175781,115.72000122070312,112.7699966430664,113.5999984741211,92.0736312866211,2009300
2014-01-07,113.81999969482422,115.11000061035156,113.62999725341797,114.56999969482422,92.85983276367188,1571500
2014-01-08,115.04000091552734,116.7300033569336,114.75,115.80000305175781,93.85675048828125,1944300
2014-01-09,116.23999786376953,116.81999969482422,115.1500015258789,115.51000213623047,93.6217269897461,1924500
2014-01-10,115.70999908447266,115.83999633789062,114.37000274658203,115.05999755859375,93.2569580078125,1154200
2014-01-13,114.93000030517578,115.33000183105469,112.88999938964844,113.18000030517578,91.73323059082031,1202700
2014-01-14,113.62000274658203,114.29000091552734,113.12000274658203,114.20999908447266,92.56803894042969,1392400
2014-01-15,114.38999938964844,114.66000366210938,113.69999694824219,114.36000061035156,92.68959045410156,1238500
2014-01-16,114.29000091552734,114.36000061035156,113.56999969482422,113.66000366210938,92.12226104736328,991700
2014-01-17,113.4800033569336,114.26000213623047,113.0,113.37000274658203,91.8872299194336,1154900
2014-01-21,113.91999816894531,114.62000274658203,113.19000244140625,114.13999938964844,92.51130676269531,1240300
2014-01-22,114.51000213623047,114.94999694824219,113.75,114.7699966430664,93.0219497680664,1008500
2014-01-23,114.11000061035156,114.12000274658203,111.02999877929688,111.23999786376953,90.16083526611328,1613000
2014-01-24,110.18000030517578,110.9000015258789,106.69999694824219,106.79000091552734,86.55408477783203,1529500
2014-01-27,106.88999938964844,107.37999725341797,104.19000244140625,104.91999816894531,85.03844451904297,2066700
2014-01-28,105.68000030517578,106.72000122070312,105.2699966430664,106.54000091552734,86.3514633178711,1721600
2014-01-29,104.9800033569336,106.12999725341797,104.83000183105469,105.0199966430664,85.11949157714844,1055400
2014-01-30,105.93000030517578,107.0199966430664,105.80999755859375,106.43000030517578,86.26229095458984,805100
2014-01-31,104.44999694824219,106.76000213623047,104.01000213623047,105.63999938964844,85.62200164794922,1628900
2014-02-03,105.6500015258789,105.97000122070312,101.29000091552734,101.47000122070312,82.2421646118164,1872100
2014-02-04,101.80999755859375,103.68000030517578,101.63999938964844,103.54000091552734,83.91991424560547,1323000
2014-02-05,106.31999969482422,108.80000305175781,103.06999969482422,103.43000030517578,83.8307876586914,2292800
2014-02-06,103.72000122070312,105.7300033569336,103.4800033569336,105.63999938964844,85.62200164794922,1292500
2014-02-07,106.12999725341797,107.70999908447266,105.4000015258789,107.61000061035156,87.21869659423828,1879200
2014-02-10,107.36000061035156,107.58000183105469,105.36000061035156,105.9000015258789,85.83271789550781,1555300
2014-02-11,105.58999633789062,107.27999877929688,105.36000061035156,107.20999908447266,86.89449310302734,1380000
2014-02-12,106.98999786376953,107.62999725341797,106.55999755859375,106.9800033569336,87.13066101074219,961500
2014-02-13,106.1500015258789,107.52999877929688,105.7699966430664,107.33000183105469,87.4157485961914,955400
2014-02-14,107.22000122070312,107.75,106.58000183105469,107.08999633789062,87.22025299072266,866400
2014-02-18,107.94000244140625,108.7699966430664,107.5,107.98999786376953,87.95327758789062,987300
2014-02-19,107.81999969482422,109.30000305175781,106.48999786376953,106.66000366210938,86.87004089355469,1074700
2014-02-20,106.72000122070312,107.06999969482422,105.48999786376953,106.19999694824219,86.49540710449219,1209700
2014-02-21,106.80999755859375,107.69999694824219,106.43000030517578,106.80999755859375,86.99220275878906,826000
2014-02-24,106.5,109.2300033569336,106.36000061035156,108.27999877929688,88.18946075439453,1090400
2014-02-25,107.81999969482422,108.19999694824219,106.9800033569336,107.37000274658203,87.44833374023438,928700
2014-02-26,107.63999938964844,107.9800033569336,106.44000244140625,106.62000274658203,86.83747863769531,1073900
2014-02-27,106.56999969482422,108.75,106.25,108.62999725341797,88.47454071044922,1131600
2014-02-28,108.4000015258789,110.08999633789062,108.0999984741211,108.98999786376953,88.76773834228516,1182200
2014-03-03,107.22000122070312,108.2300033569336,106.8499984741211,107.75,87.75779724121094,974600
2014-03-04,109.41000366210938,110.62999725341797,109.1500015258789,110.27999877929688,89.81839752197266,1313900
2014-03-05,110.19000244140625,110.66000366210938,109.55000305175781,109.8499984741211,89.4681625366211,1082400
2014-03-06,110.37000274658203,111.51000213623047,110.16999816894531,110.83999633789062,90.27447509765625,1097500
2014-03-07,111.30999755859375,113.29000091552734,111.30999755859375,112.6500015258789,91.74864196777344,1383600
2014-03-10,112.37000274658203,112.7300033569336,111.4800033569336,112.05000305175781,91.260009765625,815000
2014-03-11,112.16999816894531,112.5999984741211,110.63999938964844,110.91999816894531,90.33963775634766,880000
2014-03-12,109.87000274658203,110.91999816894531,109.5,110.9000015258789,90.32334899902344,1076000
2014-03-13,111.62999725341797,111.94999694824219,108.94000244140625,109.16000366210938,88.90618896484375,1178800
2014-03-14,108.97000122070312,109.69999694824219,108.08000183105469,108.25,88.16504669189453,1031800
2014-03-17,109.27999877929688,109.79000091552734,108.77999877929688,108.95999908447266,88.74333190917969,1197900
2014-03-18,109.0199966430664,109.88999938964844,108.94000244140625,109.30000305175781,89.02023315429688,747300
2014-03-19,109.33000183105469,110.08000183105469,108.19999694824219,108.72000122070312,88.54783630371094,1262900
2014-03-20,108.5199966430664,111.83999633789062,108.37999725341797,111.72000122070312,90.9912109375,1494800
2014-03-21,113.16999816894531,113.68000030517578,111.62000274658203,111.77999877929688,91.04007720947266,1749200
2014-03-24,111.83000183105469,112.63999938964844,110.37000274658203,110.72000122070312,90.17677307128906,956200
2014-03-25,110.9000015258789,111.62000274658203,109.11000061035156,109.83999633789062,89.46003723144531,1271100
2014-03-26,110.52999877929688,110.94000244140625,108.80999755859375,108.81999969482422,88.62930297851562,1016400
2014-03-27,108.33000183105469,109.0,106.8499984741211,107.0199966430664,87.16323852539062,1136600
2014-03-28,107.86000061035156,110.22000122070312,107.66000366210938,108.80999755859375,88.62114715576172,1068900
2014-03-31,109.91000366210938,110.55000305175781,109.7699966430664,110.06999969482422,89.64732360839844,1588400
2014-04-01,110.56999969482422,112.05999755859375,110.44999694824219,111.86000061035156,91.10523223876953,938300
2014-04-02,113.33999633789062,113.7300033569336,112.55000305175781,113.47000122070312,92.41651153564453,1627500
2014-04-03,113.5,114.48999786376953,112.1500015258789,113.2699966430664,92.25362396240234,1215600
2014-04-04,114.45999908447266,115.41000366210938,111.38999938964844,111.41999816894531,90.74688720703125,1732600
2014-04-07,111.16999816894531,111.41999816894531,107.37000274658203,107.58999633789062,87.62751007080078,1216300
2014-04-08,107.61000061035156,108.08999633789062,106.69999694824219,107.4800033569336,87.53790283203125,1521800
2014-04-09,108.16000366210938,109.30000305175781,107.33000183105469,109.25,88.97950744628906,1308400
2014-04-10,109.05999755859375,109.4000015258789,105.04000091552734,105.04000091552734,85.55064392089844,1730000
2014-04-11,103.80000305175781,103.9800033569336,101.69999694824219,101.73999786376953,82.86293029785156,2123500
2014-04-14,102.91999816894531,102.93000030517578,100.94000244140625,101.91000366210938,83.00138092041016,1289900
2014-04-15,102.18000030517578,103.48999786376953,101.16000366210938,103.36000061035156,84.18234252929688,2144300
2014-04-16,104.38999938964844,104.88999938964844,103.5199966430664,104.83000183105469,85.3796157836914,1012700
2014-04-17,105.1500015258789,106.58000183105469,105.0999984741211,106.02999877929688,86.3569564819336,1020100
2014-04-21,106.0199966430664,106.4800033569336,105.5199966430664,106.11000061035156,86.42212677001953,604200
2014-04-22,106.0,107.29000091552734,105.83999633789062,106.79000091552734,86.97594451904297,808800
2014-04-23,106.63999938964844,107.22000122070312,106.11000061035156,106.44000244140625,86.69087982177734,618900
2014-04-24,107.0999984741211,107.25,105.5999984741211,105.8499984741211,86.21031951904297,844800
2014-04-25,105.61000061035156,105.97000122070312,103.26000213623047,103.52999877929688,84.32079315185547,1342200
2014-04-28,104.0,104.63999938964844,101.66999816894531,103.51000213623047,84.30449676513672,1622300
2014-04-29,107.7699966430664,109.91000366210938,106.9800033569336,109.55000305175781,89.2238540649414,2005400
2014-04-30,109.23999786376953,111.94000244140625,108.47000122070312,111.62999725341797,90.91789245605469,1934500
2014-05-01,111.79000091552734,111.87999725341797,110.5199966430664,111.5999984741211,90.89346313476562,1224200
2014-05-02,111.62999725341797,113.13999938964844,111.62999725341797,112.33999633789062,91.49618530273438,918600
2014-05-05,111.23999786376953,112.47000122070312,110.18000030517578,112.16000366210938,91.34956359863281,799900
2014-05-06,111.13999938964844,111.8499984741211,110.30999755859375,110.61000061035156,90.087158203125,1151800
2014-05-07,110.37000274658203,111.69000244140625,109.30000305175781,111.58000183105469,91.35623931884766,1036900
2014-05-08,111.13999938964844,112.70999908447266,111.01000213623047,111.33999633789062,91.15973663330078,822200
2014-05-09,111.2300033569336,111.61000061035156,110.33999633789062,111.2300033569336,91.06966400146484,856300
2014-05-12,111.9800033569336,112.83000183105469,111.5999984741211,112.72000122070312,92.28959655761719,852900
2014-05-13,112.72000122070312,113.30000305175781,111.7699966430664,111.9000015258789,91.61824035644531,960900
2014-05-14,112.13999938964844,112.13999938964844,110.30999755859375,110.47000122070312,90.44740295410156,671000
2014-05-15,109.98999786376953,110.19000244140625,107.20999908447266,108.2300033569336,88.61341094970703,1045200
2014-05-16,108.47000122070312,109.25,107.11000061035156,108.87000274658203,89.13741302490234,851300
2014-05-19,108.27999877929688,109.9000015258789,108.23999786376953,109.69000244140625,89.80878448486328,545900
2014-05-20,109.62000274658203,109.73999786376953,107.73999786376953,108.4000015258789,88.75259399414062,865800
2014-05-21,109.33000183105469,110.41000366210938,108.9800033569336,110.13999938964844,90.1772232055664,902700
2014-05-22,110.13999938964844,111.05999755859375,109.7300033569336,110.55999755859375,90.5210952758789,637700
2014-05-23,110.5199966430664,111.38999938964844,110.25,110.93000030517578,90.82402801513672,655200
2014-05-27,111.19999694824219,112.29000091552734,110.9800033569336,111.41999816894531,91.22521209716797,925000
2014-05-28,111.11000061035156,111.98999786376953,110.63999938964844,111.18000030517578,91.02873992919922,913300
2014-05-29,112.18000030517578,112.91999816894531,111.58000183105469,112.81999969482422,92.37146759033203,1207200
2014-05-30,112.33000183105469,113.11000061035156,111.9000015258789,112.61000061035156,92.19953918457031,892800
2014-06-02,112.98999786376953,113.9800033569336,112.08999633789062,113.94000244140625,93.2884750366211,886100
2014-06-03,113.47000122070312,114.80999755859375,113.16999816894531,114.72000122070312,93.9271011352539,1227800
2014-06-04,114.76000213623047,115.13999938964844,113.80000305175781,115.11000061035156,94.24642944335938,1136100
2014-06-05,115.0,115.94999694824219,114.44000244140625,115.79000091552734,94.80318450927734,802400
2014-06-06,115.98999786376953,118.20999908447266,115.80000305175781,118.04000091552734,96.64535522460938,1009700
2014-06-09,117.69000244140625,118.6500015258789,117.2699966430664,117.7699966430664,96.42428588867188,608000
2014-06-10,117.1500015258789,117.83999633789062,116.54000091552734,117.6500015258789,96.3260498046875,716900
2014-06-11,116.55000305175781,117.05999755859375,116.36000061035156,116.77999877929688,95.6137466430664,495400
2014-06-12,116.80000305175781,116.91000366210938,115.44000244140625,115.81999969482422,94.8277359008789,563400
2014-06-13,116.04000091552734,116.62999725341797,115.62999725341797,116.05000305175781,95.01605987548828,642300
2014-06-16,115.76000213623047,116.2300033569336,115.18000030517578,115.73999786376953,94.76222229003906,479400
2014-06-17,115.23999786376953,117.5199966430664,114.76000213623047,116.91999816894531,95.72834777832031,925400
2014-06-18,116.91000366210938,118.4000015258789,116.19000244140625,118.19999694824219,96.77635192871094,1103100
2014-06-19,118.37999725341797,118.63999938964844,117.2699966430664,117.80000305175781,96.44886016845703,873800
2014-06-20,118.08000183105469,119.37000274658203,117.91000366210938,119.13999938964844,97.54598236083984,1254900
2014-06-23,119.04000091552734,119.56999969482422,118.61000061035156,119.37999725341797,97.74246978759766,590300
2014-06-24,118.61000061035156,119.7300033569336,118.37000274658203,118.5,97.02198791503906,847000
2014-06-25,117.80000305175781,119.62999725341797,117.77999877929688,119.23999786376953,97.6278305053711,720800
2014-06-26,119.0,119.23999786376953,117.8499984741211,119.1500015258789,97.55419921875,615700
2014-06-27,118.94000244140625,119.93000030517578,118.76000213623047,119.80999755859375,98.09455108642578,924400
2014-06-30,119.75,120.31999969482422,119.41000366210938,120.0,98.25011444091797,894100
2014-07-01,120.19999694824219,122.0,120.1500015258789,121.52999877929688,99.50279235839844,1159200
2014-07-02,118.63999938964844,121.94000244140625,118.63999938964844,121.11000061035156,99.15892791748047,729800
2014-07-03,121.94000244140625,122.69999694824219,121.94000244140625,122.41999816894531,100.23147583007812,414800
2014-07-07,121.6500015258789,122.0999984741211,121.43000030517578,122.0,99.88761138916016,455500
2014-07-08,121.76000213623047,121.94999694824219,120.87000274658203,121.0999984741211,99.15072631835938,802000
2014-07-09,121.16999816894531,121.91000366210938,120.62999725341797,121.16000366210938,99.19985961914062,872500
2014-07-10,118.9800033569336,120.63999938964844,118.87000274658203,120.2699966430664,98.47114562988281,721900
2014-07-11,120.01000213623047,121.19999694824219,119.41000366210938,121.05999755859375,99.11797332763672,562400
2014-07-14,122.38999938964844,122.38999938964844,121.5199966430664,121.7699966430664,99.69929504394531,880200
2014-07-15,121.9000015258789,122.63999938964844,121.36000061035156,122.30000305175781,100.13323974609375,837400
2014-07-16,123.08000183105469,123.30000305175781,121.6500015258789,122.20999908447266,100.05955505371094,685700
2014-07-17,121.44000244140625,122.97000122070312,120.45999908447266,120.70999908447266,98.83141326904297,646400
2014-07-18,121.20999908447266,122.48999786376953,120.94000244140625,122.18000030517578,100.03498840332031,559800
2014-07-21,121.63999938964844,122.22000122070312,121.19999694824219,121.66000366210938,99.60923767089844,525800
2014-07-22,122.02999877929688,122.98999786376953,122.02999877929688,122.7300033569336,100.48531341552734,506200
2014-07-23,122.69000244140625,122.91999816894531,122.0999984741211,122.62999725341797,100.40342712402344,361900
2014-07-24,122.77999877929688,123.12000274658203,122.2699966430664,122.52999877929688,100.32154846191406,494600
2014-07-25,121.9000015258789,122.47000122070312,121.31999969482422,122.2699966430664,100.1086654663086,462200
2014-07-28,121.86000061035156,122.1500015258789,120.5999984741211,121.5,99.47821807861328,786200
2014-07-29,121.55999755859375,122.48999786376953,120.83999633789062,120.83999633789062,98.9378662109375,705500
2014-07-30,123.9000015258789,127.0,121.93000030517578,123.44999694824219,101.07478332519531,1218400
2014-07-31,122.16999816894531,122.58000183105469,119.52999877929688,119.5999984741211,97.92261505126953,1189100
2014-08-01,119.5999984741211,120.0,117.20999908447266,118.2300033569336,96.80091857910156,1263100
2014-08-04,118.19999694824219,119.51000213623047,117.62999725341797,119.06999969482422,97.4886703491211,812200
2014-08-05,118.29000091552734,118.79000091552734,116.91000366210938,117.38999938964844,96.11317443847656,776200
2014-08-06,116.75,118.79000091552734,116.7300033569336,117.45999908447266,96.17046356201172,767700
2014-08-07,117.62000274658203,118.12999725341797,116.0199966430664,116.5,95.8578109741211,992900
2014-08-08,117.11000061035156,118.66999816894531,116.55000305175781,118.55999755859375,97.55281829833984,948700
2014-08-11,118.26000213623047,120.12000274658203,117.94999694824219,118.87000274658203,97.80787658691406,1018500
2014-08-12,118.68000030517578,119.51000213623047,118.23999786376953,119.01000213623047,97.92306518554688,1009800
2014-08-13,119.72000122070312,120.19000244140625,119.4800033569336,119.94999694824219,98.69651794433594,697100
2014-08-14,120.04000091552734,120.77999877929688,119.93000030517578,120.37999725341797,99.05033874511719,663300
2014-08-15,120.58999633789062,120.97000122070312,119.13999938964844,120.22000122070312,98.9186782836914,908700
2014-08-18,120.94000244140625,121.73999786376953,120.83999633789062,121.55000305175781,100.01303100585938,891500
2014-08-19,121.7300033569336,122.30000305175781,121.62999725341797,121.91000366210938,100.30923461914062,872500
2014-08-20,121.87999725341797,123.0999984741211,121.5,122.93000030517578,101.14850616455078,867200
2014-08-21,122.77999877929688,123.72000122070312,122.55999755859375,123.4800033569336,101.60104370117188,725100
2014-08-22,123.11000061035156,124.04000091552734,123.05000305175781,123.19000244140625,101.36243438720703,725600
2014-08-25,124.1500015258789,125.12000274658203,123.66000366210938,125.0999984741211,102.93402862548828,610000
2014-08-26,125.0,126.36000061035156,124.47000122070312,126.08000183105469,103.74037170410156,719300
2014-08-27,126.5,126.66999816894531,125.51000213623047,125.98999786376953,103.66631317138672,690800
2014-08-28,124.95999908447266,125.47000122070312,124.66999816894531,125.20999908447266,103.02452850341797,517300
2014-08-29,125.7699966430664,126.19999694824219,125.11000061035156,125.76000213623047,103.4770736694336,530700
2014-09-02,126.44999694824219,128.17999267578125,126.44999694824219,127.75,105.11449432373047,1085500
2014-09-03,128.22000122070312,128.50999450683594,125.88999938964844,126.01000213623047,103.68277740478516,1026500
2014-09-04,126.2699966430664,127.0999984741211,125.2300033569336,125.61000061035156,103.35365295410156,695700
2014-09-05,125.33000183105469,126.47000122070312,124.41000366210938,126.41000366210938,104.01191711425781,713600
2014-09-08,125.94000244140625,126.81999969482422,125.81999969482422,126.30999755859375,103.92962646484375,843600
2014-09-09,125.80999755859375,126.08999633789062,124.51000213623047,124.72000122070312,102.62132263183594,861900
2014-09-10,125.41000366210938,126.08000183105469,124.88999938964844,125.5999984741211,103.34541320800781,688000
2014-09-11,124.72000122070312,125.2699966430664,124.56999969482422,124.88999938964844,102.76121520996094,896000
2014-09-12,124.97000122070312,125.58999633789062,124.31999969482422,124.83999633789062,102.72008514404297,680200
2014-09-15,124.66000366210938,124.66000366210938,123.48999786376953,123.75,101.82321166992188,980700
2014-09-16,124.13999938964844,125.20999908447266,123.51000213623047,124.76000213623047,102.65425109863281,704100
2014-09-17,125.26000213623047,127.58000183105469,125.11000061035156,126.55000305175781,104.12709045410156,953500
2014-09-18,127.36000061035156,128.1999969482422,127.19000244140625,127.56999969482422,104.96634674072266,712300
2014-09-19,128.13999938964844,128.3699951171875,125.81999969482422,126.6500015258789,104.2093734741211,1332100
2014-09-22,126.22000122070312,126.43000030517578,124.61000061035156,124.76000213623047,102.65425109863281,905100
2014-09-23,124.61000061035156,125.27999877929688,123.76000213623047,123.87000274658203,101.92195892333984,918400
2014-09-24,123.9000015258789,125.26000213623047,123.37000274658203,125.22000122070312,103.03276062011719,650600
2014-09-25,124.37000274658203,124.68000030517578,122.70999908447266,122.94000244140625,101.15673065185547,1105000
2014-09-26,123.56999969482422,124.51000213623047,123.04000091552734,124.13999938964844,102.14412689208984,920800
2014-09-29,122.44999694824219,124.01000213623047,122.19000244140625,123.58000183105469,101.683349609375,660200
2014-09-30,123.5,124.61000061035156,122.88999938964844,123.37999725341797,101.51876831054688,849300
2014-10-01,122.7300033569336,122.94999694824219,119.31999969482422,119.6500015258789,98.44967651367188,1361600
2014-10-02,119.58999633789062,120.41999816894531,118.26000213623047,119.91999816894531,98.6718521118164,911000
2014-10-03,121.31999969482422,122.2699966430664,120.58999633789062,121.83999633789062,100.25163269042969,666200
2014-10-06,122.29000091552734,123.0199966430664,121.1500015258789,121.88999938964844,100.29277801513672,660900
2014-10-07,120.80999755859375,121.0999984741211,119.04000091552734,119.06999969482422,97.9724349975586,729400
2014-10-08,118.76000213623047,120.70999908447266,117.56999969482422,120.62000274658203,99.247802734375,1026400
2014-10-09,120.23999786376953,120.25,117.04000091552734,117.05000305175781,96.31034088134766,1170700
2014-10-10,117.0,117.88999938964844,114.47000122070312,114.55000305175781,94.25332641601562,1315000
2014-10-13,114.66000366210938,115.37999725341797,111.66999816894531,111.77999877929688,91.9741439819336,1169400
2014-10-14,112.33000183105469,113.19000244140625,111.30000305175781,111.80000305175781,91.9905776977539,960000
2014-10-15,109.72000122070312,109.94000244140625,105.41000366210938,109.3499984741211,89.97468566894531,2037200
2014-10-16,107.06999969482422,110.88999938964844,106.44000244140625,109.87000274658203,90.4025650024414,1612500
2014-10-17,110.70999908447266,112.70999908447266,110.70999908447266,112.30000305175781,92.40199279785156,1491800
2014-10-20,111.80000305175781,113.58999633789062,111.3499984741211,113.47000122070312,93.36469268798828,888200
2014-10-21,114.25,116.6500015258789,113.88999938964844,116.56999969482422,95.9154052734375,1121400
2014-10-22,116.56999969482422,116.68000030517578,114.62000274658203,114.75,94.41789245605469,856500
2014-10-23,116.5,117.38999938964844,115.93000030517578,116.51000213623047,95.86605072021484,1180600
2014-10-24,116.81999969482422,117.91000366210938,116.30999755859375,117.6500015258789,96.8040542602539,803300
2014-10-27,117.66999816894531,119.58999633789062,116.7699966430664,118.5,97.50344848632812,1651700
2014-10-28,118.86000061035156,120.47000122070312,118.81999969482422,120.30000305175781,98.9845199584961,1156700
2014-10-29,121.73999786376953,126.12000274658203,121.56999969482422,123.76000213623047,101.83141326904297,1401000
2014-10-30,123.4800033569336,124.87999725341797,123.16000366210938,124.11000061035156,102.11943054199219,961200
2014-10-31,125.3499984741211,127.04000091552734,125.3499984741211,126.16999816894531,103.81444549560547,1007800
2014-11-03,126.55000305175781,127.38999938964844,126.02999877929688,126.44000244140625,104.03659057617188,643700
2014-11-04,126.47000122070312,128.0,126.1500015258789,127.9800033569336,105.30371856689453,1153200
2014-11-05,128.57000732421875,129.3800048828125,127.8499984741211,128.57000732421875,105.7891845703125,825500
2014-11-06,128.39999389648438,129.0,127.47000122070312,128.88999938964844,106.5330581665039,692000
2014-11-07,128.42999267578125,129.44000244140625,127.66999816894531,129.0500030517578,106.66532897949219,725500
2014-11-10,128.60000610351562,130.22000122070312,128.47999572753906,130.16000366210938,107.5827865600586,911100
2014-11-11,130.25,130.80999755859375,130.0800018310547,130.36000061035156,107.74807739257812,801100
2014-11-12,129.89999389648438,130.57000732421875,129.6199951171875,130.27999877929688,107.68196868896484,629700
2014-11-13,130.25999450683594,130.8800048828125,129.35000610351562,130.02999877929688,107.47533416748047,589900
2014-11-14,130.02999877929688,130.3000030517578,129.10000610351562,129.3800048828125,106.93805694580078,486900
2014-11-17,128.85000610351562,129.16000366210938,128.3699951171875,128.97000122070312,106.59918212890625,551800
2014-11-18,129.08999633789062,131.24000549316406,128.83999633789062,130.30999755859375,107.70677185058594,784300
2014-11-19,129.82000732421875,130.42999267578125,129.11000061035156,130.00999450683594,107.45879364013672,536200
2014-11-20,129.0,131.1699981689453,128.91000366210938,130.4600067138672,107.83071899414062,727700
2014-11-21,132.33999633789062,132.47999572753906,131.02000427246094,131.3699951171875,108.58289337158203,660500
2014-11-24,132.0,132.74000549316406,131.1199951171875,132.1699981689453,109.24413299560547,442600
2014-11-25,132.2100067138672,132.60000610351562,131.02999877929688,132.1699981689453,109.24413299560547,791700
2014-11-26,132.66000366210938,132.69000244140625,131.47999572753906,132.19000244140625,109.26065063476562,411600
2014-11-28,132.42999267578125,132.75,131.61000061035156,131.77000427246094,108.91350555419922,368400
2014-12-01,131.27000427246094,131.27000427246094,129.80999755859375,130.67999267578125,108.01258087158203,569500
2014-12-02,131.02000427246094,132.89999389648438,130.8300018310547,132.6300048828125,109.62433624267578,748900
2014-12-03,132.77999877929688,133.6699981689453,132.16000366210938,133.44000244140625,110.29383087158203,800500
2014-12-04,132.6999969482422,133.6999969482422,132.35000610351562,133.60000610351562,110.42607879638672,580700
2014-12-05,134.10000610351562,135.47999572753906,133.80999755859375,135.14999389648438,111.70722198486328,807900
2014-12-08,135.2100067138672,137.14999389648438,134.3699951171875,135.8699951171875,112.30233764648438,855900
2014-12-09,133.6199951171875,135.58999633789062,132.63999938964844,135.4600067138672,111.96347045898438,885100
2014-12-10,135.25999450683594,135.8699951171875,133.49000549316406,133.6300048828125,110.45088195800781,1267100
2014-12-11,134.4600067138672,135.7100067138672,133.61000061035156,133.88999938964844,110.66577911376953,869300
2014-12-12,132.13999938964844,132.72999572753906,127.68000030517578,127.72000122070312,105.56602478027344,1478400
2014-12-15,128.55999755859375,128.91000366210938,124.76000213623047,126.44999694824219,104.51630401611328,1489600
2014-12-16,125.45999908447266,127.55999755859375,124.01000213623047,124.83999633789062,103.18556213378906,1565600
2014-12-17,125.5,129.5,125.31999969482422,129.27000427246094,106.84715270996094,1116300
2014-12-18,130.9499969482422,134.42999267578125,129.80999755859375,134.32000732421875,111.02119445800781,1229400
2014-12-19,135.07000732421875,135.75999450683594,133.4199981689453,134.3300018310547,111.02945709228516,1286400
2014-12-22,134.3300018310547,134.88999938964844,134.0500030517578,134.8000030517578,111.41796112060547,533700
2014-12-23,135.3000030517578,137.3300018310547,135.3000030517578,136.75999450683594,113.03793334960938,647300
2014-12-24,136.6199951171875,137.30999755859375,135.6999969482422,135.72999572753906,112.18661499023438,296300
2014-12-26,136.2100067138672,136.5399932861328,135.1999969482422,135.27000427246094,111.80642700195312,341000
2014-12-29,135.0,136.38999938964844,134.72000122070312,135.30999755859375,111.83948516845703,399900
2014-12-30,134.86000061035156,134.86000061035156,134.10000610351562,134.1999969482422,110.92198181152344,533700
2014-12-31,134.8699951171875,134.8699951171875,132.14999389648438,132.25,109.31024932861328,545800
2015-01-02,132.97999572753906,133.49000549316406,130.7100067138672,132.08999633789062,109.1780014038086,622200
2015-01-05,130.77999877929688,131.3000030517578,127.20999908447266,127.8499984741211,105.67346954345703,1068600
2015-01-06,127.83000183105469,128.22000122070312,123.4800033569336,124.41000366210938,102.83016204833984,1307600
2015-01-07,125.75,127.04000091552734,124.80999755859375,126.62000274658203,104.6568374633789,1271000
2015-01-08,128.52999877929688,129.3699951171875,127.75,128.8699951171875,106.51653289794922,1681400
2015-01-09,129.3300018310547,129.6199951171875,127.26000213623047,127.68000030517578,105.53295135498047,843700
2015-01-12,127.5199966430664,127.69000244140625,125.41999816894531,126.37999725341797,104.45845794677734,908800
2015-01-13,128.1300048828125,129.92999267578125,126.31999969482422,127.30000305175781,105.21887969970703,1177000
2015-01-14,124.9000015258789,125.66000366210938,123.12000274658203,124.97000122070312,103.29302215576172,1199900
2015-01-15,125.12999725341797,125.6500015258789,122.7300033569336,122.86000061035156,101.54901885986328,888900
2015-01-16,122.95999908447266,124.73999786376953,121.48999786376953,124.66000366210938,103.03680419921875,934800
2015-01-20,125.0,125.87000274658203,123.83000183105469,125.16000366210938,103.45006561279297,1020600
2015-01-21,125.16000366210938,126.83000183105469,123.83999633789062,126.33999633789062,104.4253921508789,1172700
2015-01-22,127.19000244140625,130.52999877929688,125.93000030517578,130.22999572753906,107.64061737060547,1183000
2015-01-23,130.22999572753906,130.5,128.9600067138672,129.47999572753906,107.02074432373047,1241700
2015-01-26,129.3699951171875,131.07000732421875,128.6999969482422,130.77999877929688,108.09522247314453,1077700
2015-01-27,129.0500030517578,130.1199951171875,127.9800033569336,129.00999450683594,106.63224792480469,717500
2015-01-28,129.99000549316406,129.99000549316406,126.29000091552734,126.38999938964844,104.46671295166016,1444200
2015-01-29,129.05999755859375,130.13999938964844,126.3499984741211,128.25999450683594,106.01234436035156,1637600
2015-01-30,127.12999725341797,127.80999755859375,124.7699966430664,124.94000244140625,103.26823425292969,1367900
2015-02-02,125.87999725341797,128.92999267578125,124.62999725341797,128.75999450683594,106.42562103271484,1173400
2015-02-03,129.80999755859375,132.66000366210938,129.39999389648438,132.52000427246094,109.53343963623047,1338000
2015-02-04,132.35000610351562,133.24000549316406,131.3300018310547,131.8800048828125,109.00444030761719,1274200
2015-02-05,131.39999389648438,133.0800018310547,130.75,132.47999572753906,109.98405456542969,915800
2015-02-06,133.5500030517578,136.4499969482422,133.5500030517578,134.7899932861328,111.90180969238281,1316500
2015-02-09,134.5399932861328,134.8800048828125,133.50999450683594,134.69000244140625,111.81877136230469,857400
2015-02-10,136.3000030517578,136.4600067138672,135.22000122070312,136.1699981689453,113.0474853515625,909000
2015-02-11,135.94000244140625,136.66000366210938,135.19000244140625,136.24000549316406,113.10558319091797,858600
2015-02-12,136.24000549316406,137.69000244140625,136.16000366210938,137.57000732421875,114.20973205566406,754900
2015-02-13,137.64999389648438,138.19000244140625,136.86000061035156,137.80999755859375,114.40898132324219,702200
2015-02-17,137.55999755859375,138.25999450683594,137.07000732421875,137.52999877929688,114.176513671875,915000
2015-02-18,137.2100067138672,137.27999877929688,135.36000061035156,135.86000061035156,112.79010009765625,945900
2015-02-19,135.5,136.4600067138672,135.3699951171875,135.85000610351562,112.78180694580078,882700
2015-02-20,135.38999938964844,136.27999877929688,134.3000030517578,136.1999969482422,113.0723876953125,1344500
2015-02-23,136.3699951171875,136.3699951171875,134.0,134.75999450683594,111.87689208984375,900000
2015-02-24,134.63999938964844,136.75,134.63999938964844,135.47999572753906,112.474609375,1039900
2015-02-25,135.05999755859375,135.85000610351562,134.77000427246094,135.32000732421875,112.341796875,571800
2015-02-26,135.4199981689453,136.0500030517578,134.7899932861328,135.33999633789062,112.35839080810547,549900
2015-02-27,135.3300018310547,136.02000427246094,133.5800018310547,133.6300048828125,110.93878173828125,896200
2015-03-02,133.6300048828125,135.9499969482422,133.3300018310547,134.89999389648438,111.9931411743164,898300
2015-03-03,134.4199981689453,135.16000366210938,133.6199951171875,134.47000122070312,111.63615417480469,823300
2015-03-04,133.77000427246094,134.22999572753906,133.14999389648438,133.6199951171875,110.93048095703125,912200
2015-03-05,134.00999450683594,134.6199951171875,133.58999633789062,134.41000366210938,111.58634185791016,647300
2015-03-06,134.1199951171875,137.07000732421875,132.72000122070312,132.97999572753906,110.39913940429688,1091600
2015-03-09,132.97999572753906,134.55999755859375,132.97999572753906,134.13999938964844,111.36216735839844,794400
2015-03-10,132.2899932861328,132.2899932861328,130.24000549316406,130.24000549316406,108.12442779541016,774800
2015-03-11,130.02999877929688,131.47000122070312,130.02000427246094,130.6300048828125,108.44822692871094,733600
2015-03-12,131.72999572753906,134.52999877929688,131.6699981689453,134.44000244140625,111.61122131347656,849500
2015-03-13,134.42999267578125,134.47999572753906,132.33999633789062,133.36000061035156,110.7146224975586,867200
2015-03-16,134.47000122070312,135.91000366210938,134.1699981689453,135.72999572753906,112.68219757080078,627200
2015-03-17,134.75999450683594,135.19000244140625,133.8800048828125,134.8800048828125,111.97650909423828,679700
2015-03-18,134.5800018310547,136.49000549316406,133.75,135.3699951171875,112.38333892822266,1103200
2015-03-19,135.10000610351562,135.33999633789062,132.72000122070312,133.33999633789062,110.69800567626953,1005800
2015-03-20,134.22999572753906,136.69000244140625,133.75,136.1699981689453,113.0474853515625,1355200
2015-03-23,136.52000427246094,136.99000549316406,134.99000549316406,134.99000549316406,112.06784057617188,771700
2015-03-24,134.57000732421875,135.24000549316406,133.08999633789062,133.08999633789062,110.49046325683594,850000
2015-03-25,132.97999572753906,133.25,130.50999450683594,130.50999450683594,108.34854888916016,970500
2015-03-26,129.77000427246094,131.39999389648438,129.17999267578125,130.25,108.13273620605469,903600
2015-03-27,129.75999450683594,130.50999450683594,128.49000549316406,129.0500030517578,107.13650512695312,1002300
2015-03-30,130.05999755859375,131.50999450683594,130.05999755859375,131.02000427246094,108.77198028564453,1012600
2015-03-31,130.27000427246094,131.77999877929688,129.92999267578125,130.83999633789062,108.62254333496094,973500
2015-04-01,130.75999450683594,131.27999877929688,129.5800018310547,130.4600067138672,108.30706787109375,817600
2015-04-02,130.13999938964844,131.1699981689453,129.6699981689453,130.19000244140625,108.08292388916016,1225700
2015-04-06,128.5800018310547,130.19000244140625,128.05999755859375,129.42999267578125,107.45196533203125,876900
2015-04-07,129.61000061035156,130.17999267578125,128.16000366210938,128.16000366210938,106.39763641357422,912100
2015-04-08,128.7100067138672,129.1699981689453,127.75,128.72000122070312,106.8625259399414,1343000
2015-04-09,128.6999969482422,129.4499969482422,123.87999725341797,125.27999877929688,104.00666046142578,2728600
2015-04-10,125.5,125.7300033569336,120.83000183105469,124.52999877929688,103.38402557373047,4061400
2015-04-13,124.31999969482422,127.83000183105469,124.0999984741211,126.62999725341797,105.1274185180664,2489800
2015-04-14,126.5,130.86000061035156,125.38999938964844,128.27000427246094,106.48894500732422,3750700
2015-04-15,129.9499969482422,131.4499969482422,128.16000366210938,128.9199981689453,107.02855682373047,3403300
2015-04-16,130.0,131.47999572753906,129.3699951171875,130.77000427246094,108.5644302368164,2331100
2015-04-17,129.92999267578125,130.33999633789062,128.5399932861328,129.19000244140625,107.25272369384766,1505800
2015-04-20,129.97000122070312,130.92999267578125,129.57000732421875,130.5500030517578,108.38177490234375,1123300
2015-04-21,130.7899932861328,130.99000549316406,129.8000030517578,130.3300018310547,108.19914245605469,1570400
2015-04-22,130.47000122070312,131.75999450683594,128.75,131.6199951171875,109.27008056640625,1615300
2015-04-23,127.26000213623047,128.02999877929688,125.29000091552734,127.16999816894531,105.57572174072266,4336400
2015-04-24,126.68000030517578,128.11000061035156,126.41000366210938,127.75,106.05726623535156,1522800
2015-04-27,128.1300048828125,128.7100067138672,126.44999694824219,126.69000244140625,105.17723846435547,1528900
2015-04-28,126.0,127.27999877929688,125.6500015258789,127.13999938964844,105.55082702636719,1351500
2015-04-29,126.56999969482422,128.41000366210938,126.52999877929688,127.48999786376953,105.84136962890625,1466800
2015-04-30,126.62999725341797,127.48999786376953,125.05999755859375,125.27999877929688,104.5561294555664,1419600
2015-05-01,126.0999984741211,126.69000244140625,124.33999633789062,125.41000366210938,104.66462707519531,1191100
2015-05-04,125.68000030517578,126.3499984741211,125.01000213623047,125.98999786376953,105.14868927001953,1011200
2015-05-05,125.70999908447266,126.5,124.41000366210938,124.62000274658203,104.00531005859375,1120300
2015-05-06,125.2699966430664,125.44000244140625,122.3499984741211,123.48999786376953,103.06224060058594,1628900
2015-05-07,123.12000274658203,125.0,123.01000213623047,124.55999755859375,103.95523834228516,1494400
2015-05-08,126.08999633789062,126.95999908447266,125.11000061035156,126.3499984741211,105.44912719726562,1468600
2015-05-11,126.16999816894531,127.01000213623047,125.3499984741211,125.41999816894531,104.67298889160156,1106700
2015-05-12,124.5199966430664,125.25,123.41000366210938,124.7300033569336,104.09713745117188,975800
2015-05-13,124.6500015258789,126.88999938964844,124.55999755859375,126.5,105.57432556152344,1819600
2015-05-14,127.4800033569336,128.32000732421875,126.7300033569336,128.3000030517578,107.07656860351562,956700
2015-05-15,128.3800048828125,128.44000244140625,127.0999984741211,128.0,106.82620239257812,1115800
2015-05-18,127.58000183105469,129.00999450683594,127.38999938964844,128.97000122070312,107.6357421875,1094200
2015-05-19,129.30999755859375,129.8000030517578,128.49000549316406,128.97000122070312,107.6357421875,882000
2015-05-20,128.82000732421875,129.1300048828125,128.0,128.4600067138672,107.21011352539062,1248400
2015-05-21,127.9800033569336,128.63999938964844,127.94999694824219,128.2899932861328,107.06820678710938,755700
2015-05-22,128.14999389648438,129.0399932861328,127.7699966430664,128.27000427246094,107.05152130126953,730400
2015-05-26,127.86000061035156,128.38999938964844,126.69000244140625,126.80999755859375,105.83305358886719,1436200
2015-05-27,127.0,127.44999694824219,126.5999984741211,126.87999725341797,105.89144134521484,1381900
2015-05-28,126.66999816894531,127.13999938964844,125.94999694824219,127.01000213623047,105.9999771118164,1101500
2015-05-29,126.68000030517578,127.1500015258789,124.56999969482422,124.58999633789062,103.98028564453125,1674500
2015-06-01,124.6500015258789,125.33999633789062,123.81999969482422,124.58999633789062,103.98028564453125,1254000
2015-06-02,124.58999633789062,127.11000061035156,124.41000366210938,126.08000183105469,105.22380065917969,1617000
2015-06-03,126.7699966430664,128.3300018310547,126.08000183105469,127.36000061035156,106.29206085205078,1410900
2015-06-04,124.5199966430664,126.83000183105469,124.5199966430664,125.33000183105469,104.59786987304688,1124200
2015-06-05,126.58000183105469,127.33999633789062,125.66000366210938,126.61000061035156,105.66613006591797,1487300
2015-06-08,126.95999908447266,127.4800033569336,126.08000183105469,126.12999725341797,105.26554107666016,1148600
2015-06-09,125.94000244140625,126.69000244140625,125.45999908447266,126.33000183105469,105.43246459960938,1069600
2015-06-10,127.27999877929688,130.1199951171875,127.27999877929688,129.86000061035156,108.37850952148438,1692500
2015-06-11,130.0399932861328,130.69000244140625,129.27999877929688,129.6300048828125,108.18656921386719,1136300
2015-06-12,129.1300048828125,129.25999450683594,128.00999450683594,128.3300018310547,107.10162353515625,821600
2015-06-15,126.88999938964844,128.38999938964844,126.4800033569336,127.88999938964844,106.734375,921900
2015-06-16,127.16999816894531,128.6300048828125,127.16999816894531,128.47000122070312,107.21845245361328,615600
2015-06-17,128.89999389648438,129.32000732421875,127.97000122070312,128.35000610351562,107.11831665039062,950400
2015-06-18,128.91000366210938,129.77999877929688,128.27000427246094,129.47999572753906,108.06137084960938,812900
2015-06-19,128.88999938964844,129.7899932861328,127.68000030517578,127.83999633789062,106.69263458251953,1278400
2015-06-22,129.33999633789062,129.75,128.47000122070312,129.35000610351562,107.95287322998047,1039900
2015-06-23,129.22999572753906,129.99000549316406,128.8000030517578,129.75999450683594,108.2950439453125,1376300
2015-06-24,128.86000061035156,129.6999969482422,128.1999969482422,128.3800048828125,107.1433334350586,1387800
2015-06-25,129.22000122070312,129.22000122070312,127.7699966430664,127.86000061035156,106.70935821533203,1259600
2015-06-26,128.89999389648438,128.92999267578125,127.75,128.4199981689453,107.1767349243164,2627000
2015-06-29,126.7699966430664,126.95999908447266,123.66999816894531,123.79000091552734,103.31260681152344,1574700
2015-06-30,125.08000183105469,125.73999786376953,124.08999633789062,124.93000030517578,104.26402282714844,1545200
2015-07-01,126.98999786376953,127.62999725341797,125.44000244140625,126.1500015258789,105.2822265625,1030700
2015-07-02,125.9800033569336,126.56999969482422,124.61000061035156,125.2300033569336,104.51441192626953,1237900
2015-07-06,123.44999694824219,124.7699966430664,122.83000183105469,123.68000030517578,103.2208251953125,1441500
2015-07-07,123.62999725341797,123.97000122070312,121.16000366210938,123.83000183105469,103.34598541259766,1341900
2015-07-08,122.76000213623047,123.4800033569336,121.55000305175781,121.97000122070312,101.793701171875,1647000
2015-07-09,123.87000274658203,124.9000015258789,122.44999694824219,123.08999633789062,102.72840881347656,935800
2015-07-10,122.0,123.94999694824219,121.7300033569336,123.68000030517578,103.2208251953125,1599100
2015-07-13,125.05000305175781,125.58999633789062,124.5199966430664,125.44999694824219,104.6980209350586,717200
2015-07-14,125.0199966430664,125.95999908447266,124.3499984741211,125.66999816894531,104.88162231445312,901100
2015-07-15,126.05000305175781,126.80999755859375,125.19999694824219,125.93000030517578,105.09862518310547,1042300
2015-07-16,127.80999755859375,128.35000610351562,127.23999786376953,127.88999938964844,106.734375,1209800
2015-07-17,127.51000213623047,127.9000015258789,126.87000274658203,127.62999725341797,106.51738739013672,1038300
2015-07-20,128.19000244140625,128.85000610351562,127.38999938964844,128.2899932861328,107.06820678710938,860200
2015-07-21,128.60000610351562,129.19000244140625,127.33999633789062,127.63999938964844,106.52574157714844,1320600
2015-07-22,127.5,127.9000015258789,126.66999816894531,126.80999755859375,105.83305358886719,1648500
2015-07-23,128.67999267578125,129.22000122070312,125.95999908447266,126.20999908447266,105.33229064941406,1879800
2015-07-24,126.18000030517578,126.66000366210938,123.43000030517578,124.04000091552734,103.5212631225586,1299100
2015-07-27,123.6500015258789,123.66999816894531,122.08999633789062,122.95999908447266,102.61991119384766,1138900
2015-07-28,124.27999877929688,125.3499984741211,123.2300033569336,125.26000213623047,104.5394515991211,2056800
2015-07-29,125.44999694824219,126.76000213623047,124.73999786376953,126.72000122070312,105.7579345703125,1439700
2015-07-30,125.91000366210938,126.75,125.43000030517578,126.58000183105469,106.20262908935547,962700
2015-07-31,126.66000366210938,126.66999816894531,125.5199966430664,125.66999816894531,105.43910217285156,793800
2015-08-03,125.56999969482422,125.83000183105469,124.54000091552734,125.58999633789062,105.37198638916016,1070700
2015-08-04,125.70999908447266,126.36000061035156,124.69999694824219,125.13999938964844,104.99443054199219,716600
2015-08-05,126.18000030517578,127.31999969482422,124.80000305175781,125.16999816894531,105.01959991455078,831000
2015-08-06,125.2300033569336,125.52999877929688,123.0999984741211,123.69999694824219,103.7862548828125,838000
2015-08-07,123.69000244140625,124.30000305175781,122.18000030517578,123.05000305175781,103.24089813232422,582700
2015-08-10,124.30000305175781,125.45999908447266,124.18000030517578,125.13999938964844,104.99443054199219,837300
2015-08-11,123.88999938964844,124.11000061035156,122.87999725341797,123.41999816894531,103.55133056640625,959100
2015-08-12,122.22000122070312,122.37000274658203,119.55000305175781,121.8499984741211,102.23406219482422,1674700
2015-08-13,121.80999755859375,122.69000244140625,121.19000244140625,121.62000274658203,102.04110717773438,1363400
2015-08-14,121.76000213623047,123.05999755859375,121.29000091552734,122.95999908447266,103.16537475585938,1340300
2015-08-17,122.5999984741211,124.2300033569336,121.6500015258789,124.13999938964844,104.15541076660156,890100
2015-08-18,123.8499984741211,124.33999633789062,122.12999725341797,122.47000122070312,102.75428009033203,1034900
2015-08-19,121.69000244140625,122.12000274658203,120.66000366210938,120.97000122070312,101.4957275390625,877900
2015-08-20,120.18000030517578,120.18000030517578,118.5999984741211,118.87999725341797,99.74217987060547,1439000
2015-08-21,117.29000091552734,118.19999694824219,114.70999908447266,114.83999633789062,96.35256958007812,2395300
2015-08-24,114.80999755859375,114.87999725341797,95.5199966430664,109.12999725341797,91.56177520751953,2542300
2015-08-25,113.44999694824219,113.87999725341797,107.27999877929688,107.27999877929688,90.00961303710938,2334500
2015-08-26,109.26000213623047,112.44000244140625,108.23999786376953,112.05000305175781,94.01171875,2326800
2015-08-27,113.7300033569336,115.37999725341797,112.4000015258789,114.95999908447266,96.4532470703125,1440400
2015-08-28,114.19999694824219,114.83000183105469,113.22000122070312,114.13999938964844,95.7652359008789,1127700
2015-08-31,113.77999877929688,114.97000122070312,112.48999786376953,112.66999816894531,94.53189849853516,1033800
2015-09-01,110.0,110.55999755859375,108.19999694824219,109.0999984741211,91.53661346435547,1859000
2015-09-02,110.27999877929688,111.4800033569336,108.27999877929688,109.55999755859375,91.92256927490234,1321000
2015-09-03,109.61000061035156,110.8499984741211,109.20999908447266,109.62000274658203,91.97291564941406,1538600
2015-09-04,109.06999969482422,110.4800033569336,107.7300033569336,108.5199966430664,91.04998016357422,1162200
2015-09-08,110.98999786376953,111.18000030517578,109.33000183105469,111.06999969482422,93.18948364257812,893100
2015-09-09,112.2300033569336,113.01000213623047,108.58000183105469,108.88999938964844,91.36042022705078,940100
2015-09-10,108.58999633789062,110.62000274658203,108.27999877929688,109.55999755859375,91.92256927490234,1279800
2015-09-11,108.9800033569336,109.80000305175781,108.33000183105469,109.72000122070312,92.05680847167969,1112800
2015-09-14,109.91000366210938,109.94000244140625,108.55000305175781,108.91999816894531,91.3855972290039,640500
2015-09-15,108.9800033569336,110.36000061035156,108.45999908447266,109.83999633789062,92.15748596191406,1016400
2015-09-16,109.70999908447266,110.80999755859375,109.0,110.62999725341797,92.82030487060547,960100
2015-09-17,110.27999877929688,112.33999633789062,109.2300033569336,109.5199966430664,91.88900756835938,1462300
2015-09-18,108.06999969482422,109.19000244140625,106.94999694824219,107.41000366210938,90.11871337890625,1956800
2015-09-21,108.41999816894531,109.62000274658203,108.12999725341797,108.79000091552734,91.27650451660156,814600
2015-09-22,106.94000244140625,107.7699966430664,105.83999633789062,107.5,90.19419860839844,1155200
2015-09-23,107.5999984741211,108.01000213623047,106.29000091552734,106.91999816894531,89.7075424194336,931300
2015-09-24,105.69999694824219,107.19000244140625,105.37000274658203,106.88999938964844,89.68238830566406,1196900
2015-09-25,108.0999984741211,108.69999694824219,107.33000183105469,108.05999755859375,90.66403198242188,850600
2015-09-28,107.01000213623047,108.5,103.44000244140625,103.79000091552734,87.08143615722656,2013400
2015-09-29,104.37999725341797,106.7300033569336,103.43000030517578,106.44999694824219,89.31321716308594,1648200
2015-09-30,107.6500015258789,109.30000305175781,107.0999984741211,109.12999725341797,91.56177520751953,1602500
2015-10-01,109.05999755859375,109.72000122070312,107.58000183105469,109.61000061035156,91.96449279785156,1269600
2015-10-02,105.81999969482422,108.7300033569336,104.58999633789062,108.58999633789062,91.10871887207031,1504700
2015-10-05,109.87999725341797,112.16999816894531,107.56999969482422,111.87999725341797,93.86907958984375,919000
2015-10-06,111.3499984741211,111.69999694824219,110.0999984741211,111.0199966430664,93.14752197265625,939300
2015-10-07,112.05000305175781,113.05999755859375,110.31999969482422,111.86000061035156,93.85230255126953,1155800
2015-10-08,111.43000030517578,112.31999969482422,110.88999938964844,112.05000305175781,94.01171875,1587000
2015-10-09,112.06999969482422,112.69000244140625,110.19999694824219,111.0999984741211,93.21465301513672,1178300
2015-10-12,110.9000015258789,111.16000366210938,109.37999725341797,109.83000183105469,92.14911651611328,993200
2015-10-13,108.94000244140625,109.58999633789062,107.81999969482422,107.98999786376953,90.60530090332031,1123000
2015-10-14,108.0999984741211,108.63999938964844,107.18000030517578,107.56999969482422,90.25292205810547,1202200
2015-10-15,108.69999694824219,110.69999694824219,108.0999984741211,110.62000274658203,92.81193542480469,871800
2015-10-16,110.83999633789062,111.81999969482422,110.02999877929688,111.56999969482422,93.60899353027344,982800
2015-10-19,110.86000061035156,111.45999908447266,110.55999755859375,111.25,93.34050750732422,1245400
2015-10-20,111.27999877929688,112.70999908447266,111.04000091552734,112.30000305175781,94.22147369384766,839600
2015-10-21,112.77999877929688,113.62000274658203,111.3499984741211,111.55999755859375,93.6006088256836,1203300
2015-10-22,110.19999694824219,115.5999984741211,108.01000213623047,114.08999633789062,95.72330474853516,1359600
2015-10-23,115.38999938964844,116.26000213623047,114.56999969482422,116.08000183105469,97.39293670654297,995900
2015-10-26,115.87000274658203,116.68000030517578,114.9800033569336,115.5,96.90632629394531,778600
2015-10-27,114.68000030517578,114.91000366210938,112.97000122070312,113.0,94.80879211425781,1510300
2015-10-28,113.48999786376953,116.3499984741211,113.02999877929688,115.9800033569336,97.30904388427734,1738100
2015-10-29,115.30999755859375,116.02999877929688,114.58999633789062,115.41000366210938,97.3934555053711,856200
2015-10-30,115.33999633789062,116.0,114.66000366210938,115.36000061035156,97.35123443603516,1056700
2015-11-02,115.7699966430664,117.6500015258789,115.30999755859375,117.20999908447266,98.91243743896484,647600
2015-11-03,116.51000213623047,118.33999633789062,116.41999816894531,117.80000305175781,99.41034698486328,1078100
2015-11-04,117.94000244140625,118.26000213623047,115.76000213623047,115.88999938964844,97.79850769042969,1002400
2015-11-05,115.93000030517578,117.2300033569336,115.83999633789062,117.05000305175781,98.77742004394531,749000
2015-11-06,118.87999725341797,120.29000091552734,117.2300033569336,119.27999877929688,100.65928649902344,1376400
2015-11-09,119.37000274658203,119.80999755859375,116.80000305175781,117.38999938964844,99.0643081665039,704100
2015-11-10,116.86000061035156,117.58000183105469,115.72000122070312,116.55000305175781,98.35548400878906,708200
2015-11-11,117.37999725341797,117.37999725341797,115.79000091552734,116.05000305175781,97.93350982666016,654000
2015-11-12,115.0999984741211,115.25,113.75,113.75,95.99258422851562,736000
2015-11-13,113.55999755859375,114.31999969482422,112.13999938964844,112.48999786376953,94.92929077148438,1057700
2015-11-16,112.12999725341797,113.5199966430664,111.58999633789062,113.47000122070312,95.75629425048828,935300
2015-11-17,113.55999755859375,114.13999938964844,112.68000030517578,112.97000122070312,95.33434295654297,892300
2015-11-18,113.69999694824219,115.62000274658203,113.12999725341797,115.47000122070312,97.4440689086914,1090400
2015-11-19,115.55999755859375,115.80999755859375,114.61000061035156,114.97000122070312,97.02212524414062,727100
2015-11-20,114.94999694824219,115.62000274658203,114.2699966430664,114.48999786376953,96.61708068847656,817200
2015-11-23,114.6500015258789,115.13999938964844,113.55000305175781,113.62000274658203,95.88287353515625,863100
2015-11-24,112.9800033569336,113.19000244140625,111.33999633789062,112.5999984741211,95.02210998535156,1176200
2015-11-25,112.9800033569336,113.3499984741211,112.6500015258789,113.0199966430664,95.37654876708984,594700
2015-11-27,112.9000015258789,113.80000305175781,112.58999633789062,113.51000213623047,95.79005432128906,339000
2015-11-30,113.61000061035156,114.20999908447266,112.80000305175781,112.94999694824219,95.31746673583984,1196400
2015-12-01,113.63999938964844,114.77999877929688,113.25,114.61000061035156,96.71830749511719,892300
2015-12-02,114.5199966430664,115.29000091552734,112.7699966430664,113.0,95.35968017578125,945600
2015-12-03,113.4000015258789,113.7300033569336,110.8499984741211,111.30000305175781,93.92504119873047,1010900
2015-12-04,111.55999755859375,115.18000030517578,111.30999755859375,114.94000244140625,96.99683380126953,1061500
2015-12-07,114.48999786376953,115.29000091552734,112.69000244140625,113.30999755859375,95.6212387084961,785900
2015-12-08,112.5199966430664,113.3499984741211,111.01000213623047,111.56999969482422,94.15290832519531,1215700
2015-12-09,110.58000183105469,111.8499984741211,108.2699966430664,108.83000183105469,91.84062957763672,785100
2015-12-10,108.79000091552734,110.19999694824219,108.41000366210938,108.79000091552734,91.8068618774414,1248900
2015-12-11,107.0,107.3499984741211,104.44000244140625,105.1500015258789,88.7351303100586,2033200
2015-12-14,105.23999786376953,106.63999938964844,103.08000183105469,104.95999908447266,88.57475280761719,1911700
2015-12-15,106.16999816894531,107.19999694824219,105.75,105.87999725341797,89.35115814208984,1326600
2015-12-16,106.9800033569336,107.97000122070312,104.62000274658203,107.55999755859375,90.7688980102539,1360000
2015-12-17,107.88999938964844,107.98999786376953,104.80999755859375,105.0999984741211,88.69290924072266,955200
2015-12-18,104.2300033569336,104.37999725341797,102.6500015258789,103.08000183105469,86.98826599121094,2497000
2015-12-21,103.95999908447266,105.47000122070312,103.54000091552734,105.43000030517578,88.97142028808594,1033200
2015-12-22,106.11000061035156,107.73999786376953,100.08000183105469,107.16999816894531,90.43977355957031,1155800
2015-12-23,107.45999908447266,108.76000213623047,106.80000305175781,108.68000030517578,91.71405029296875,830600
2015-12-24,108.29000091552734,108.83000183105469,107.61000061035156,107.94000244140625,91.08955383300781,367200
2015-12-28,107.80000305175781,107.91999816894531,107.01000213623047,107.80000305175781,90.971435546875,558700
2015-12-29,108.55999755859375,109.7699966430664,108.23999786376953,108.58000183105469,91.62964630126953,672500
2015-12-30,108.12999725341797,108.83000183105469,107.0,107.29000091552734,90.5410385131836,569200
2015-12-31,106.5,107.72000122070312,106.12999725341797,106.41999816894531,89.80686950683594,730200
2016-01-04,103.93000030517578,104.33000183105469,102.63999938964844,104.25,87.9756088256836,896200
2016-01-05,104.5,105.47000122070312,103.13999938964844,103.83999633789062,87.62962341308594,805200
2016-01-06,102.22000122070312,102.22000122070312,99.91999816894531,100.30999755859375,84.65070343017578,1738700
2016-01-07,98.0,99.41999816894531,96.79000091552734,97.12999725341797,81.96713256835938,1624200
2016-01-08,97.9000015258789,99.36000061035156,94.75,94.94000244140625,80.11897277832031,1531200
2016-01-11,96.04000091552734,96.18000030517578,94.0999984741211,95.66000366210938,80.72660827636719,1878500
2016-01-12,96.80999755859375,96.9800033569336,94.70999908447266,96.1500015258789,81.14010620117188,1031800
2016-01-13,96.33999633789062,96.45999908447266,92.25,92.41000366210938,77.98394012451172,2012400
2016-01-14,92.94999694824219,96.19999694824219,91.37000274658203,95.08999633789062,80.24556732177734,1535100
2016-01-15,93.76000213623047,93.93000030517578,91.01000213623047,92.83000183105469,78.33837890625,1477800
2016-01-19,94.61000061035156,94.61000061035156,91.69000244140625,92.54000091552734,78.09367370605469,1090900
2016-01-20,90.80999755859375,92.61000061035156,89.0,91.61000061035156,77.3088607788086,1395000
2016-01-21,92.08999633789062,93.19999694824219,90.43000030517578,90.56999969482422,76.43119049072266,1456600
2016-01-22,92.1500015258789,93.61000061035156,92.08000183105469,93.25,78.69281768798828,1385700
2016-01-25,92.37999725341797,93.1500015258789,90.0199966430664,90.31999969482422,76.22022247314453,1507100
2016-01-26,91.0,92.94999694824219,90.45999908447266,92.36000061035156,77.94175720214844,1952500
2016-01-27,91.83999633789062,94.72000122070312,90.7300033569336,91.11000061035156,76.88689422607422,2295000
2016-01-28,90.80000305175781,92.93000030517578,81.4000015258789,86.91999816894531,73.35098266601562,4964300
2016-01-29,87.43000030517578,90.68000030517578,87.19000244140625,90.6500015258789,76.49871063232422,2187700
2016-02-01,89.23999786376953,90.29000091552734,87.5,87.79000091552734,74.0851821899414,1765400
2016-02-02,86.19999694824219,86.37000274658203,82.91999816894531,83.94000244140625,70.8362045288086,2346700
2016-02-03,84.88999938964844,85.51000213623047,81.19000244140625,84.81999969482422,71.57881164550781,2728700
2016-02-04,84.80999755859375,86.20999908447266,84.23999786376953,85.47000122070312,72.1273422241211,1954200
2016-02-05,85.29000091552734,85.9800033569336,82.48999786376953,82.79000091552734,69.86573028564453,1845400
2016-02-08,81.33000183105469,82.11000061035156,79.31999969482422,80.7699966430664,68.16107177734375,2298800
2016-02-09,79.26000213623047,80.48999786376953,78.80000305175781,79.16999816894531,66.8108139038086,1908900
2016-02-10,79.9800033569336,81.47000122070312,79.20999908447266,80.30999755859375,68.35132598876953,2082900
2016-02-11,77.05999755859375,78.12999725341797,76.0,76.2699966430664,64.91290283203125,2463000
2016-02-12,78.88999938964844,80.38999938964844,76.16000366210938,80.1500015258789,68.21511840820312,2218400
2016-02-16,81.62000274658203,83.2699966430664,80.62000274658203,82.91999816894531,70.57266998291016,1934500
2016-02-17,84.02999877929688,85.41999816894531,83.44000244140625,84.97000122070312,72.3174057006836,1855200
2016-02-18,85.0,85.4800033569336,83.62000274658203,84.27999877929688,71.73015594482422,2321000
2016-02-19,83.54000091552734,83.69000244140625,82.12000274658203,82.69000244140625,70.37691497802734,1831000
2016-02-22,84.30000305175781,85.19000244140625,83.97000122070312,84.54000091552734,71.9514389038086,2010500
2016-02-23,84.22000122070312,84.30999755859375,83.02999877929688,83.43000030517578,71.0067138671875,1698400
2016-02-24,82.1500015258789,83.79000091552734,80.38999938964844,83.43000030517578,71.0067138671875,1583600
2016-02-25,83.73999786376953,84.80000305175781,82.97000122070312,84.37000274658203,71.80674743652344,1344000
2016-02-26,85.41999816894531,87.33999633789062,85.0,86.48999786376953,73.6110610961914,1533300
2016-02-29,86.08000183105469,86.41999816894531,83.93000030517578,83.94999694824219,71.44928741455078,1726800
2016-03-01,85.08000183105469,88.16000366210938,85.01000213623047,88.01000213623047,74.90473937988281,1728700
2016-03-02,88.04000091552734,88.16000366210938,86.87000274658203,87.88999938964844,74.80260467529297,1229700
2016-03-03,88.12000274658203,89.91999816894531,87.5,89.54000091552734,76.20689392089844,1898100
2016-03-04,89.69999694824219,90.69999694824219,89.05000305175781,90.45999908447266,76.98992156982422,1571500
2016-03-07,89.23999786376953,89.91000366210938,88.75,89.76000213623047,76.39414978027344,1278900
2016-03-08,88.45999908447266,89.68000030517578,87.75,88.81999969482422,75.5941162109375,1906500
2016-03-09,89.5999984741211,89.5999984741211,87.7699966430664,88.66000366210938,75.45796203613281,1354300
2016-03-10,89.62000274658203,89.87999725341797,86.80999755859375,88.45999908447266,75.28771209716797,1316700
2016-03-11,90.04000091552734,92.68000030517578,89.95999908447266,92.5999984741211,78.81123352050781,1299800
2016-03-14,91.94000244140625,92.44000244140625,90.22000122070312,91.83000183105469,78.15589904785156,1344300
2016-03-15,90.68000030517578,90.75,88.81999969482422,90.0999984741211,76.68350982666016,1571400
2016-03-16,89.16000366210938,91.70999908447266,89.16000366210938,91.44000244140625,77.82398986816406,1223400
2016-03-17,91.04000091552734,94.12000274658203,91.04000091552734,93.37999725341797,79.47508239746094,1255900
2016-03-18,93.91000366210938,95.23999786376953,93.23999786376953,94.36000061035156,80.3091812133789,3533100
2016-03-21,93.86000061035156,94.52999877929688,92.98999786376953,94.13999938964844,80.12194061279297,970700
2016-03-22,92.98999786376953,93.87999725341797,92.5199966430664,93.3499984741211,79.44956970214844,1166900
2016-03-23,93.4800033569336,94.04000091552734,92.38999938964844,92.76000213623047,78.94741821289062,1541300
2016-03-24,91.4000015258789,92.01000213623047,90.6500015258789,91.9800033569336,78.28356170654297,1951700
2016-03-28,92.0,93.55999755859375,91.44999694824219,93.38999938964844,79.48361206054688,1350600
2016-03-29,92.63999938964844,94.25,91.1500015258789,94.16999816894531,80.1474609375,1344500
2016-03-30,95.0,96.54000091552734,94.87999725341797,95.56999969482422,81.3389892578125,1992700
2016-03-31,95.11000061035156,95.47000122070312,93.51000213623047,94.01000213623047,80.01130676269531,1959000
2016-04-01,93.69999694824219,94.94999694824219,92.48999786376953,94.66999816894531,80.57300567626953,1491400
2016-04-04,94.37000274658203,94.37000274658203,92.88999938964844,93.18000030517578,79.30487823486328,1482100
2016-04-05,91.62999725341797,92.4800033569336,90.87999725341797,91.91000366210938,78.22399139404297,1652400
2016-04-06,92.47000122070312,95.19000244140625,92.44000244140625,93.23999786376953,79.35594177246094,2739800
2016-04-07,92.06999969482422,92.77999877929688,90.11000061035156,91.04000091552734,77.48355865478516,1694700
2016-04-08,91.8499984741211,92.87000274658203,91.05000305175781,91.30000305175781,77.7048568725586,872800
2016-04-11,92.29000091552734,93.56999969482422,92.01000213623047,92.55000305175781,78.7686996459961,1099000
2016-04-12,92.62999725341797,94.2699966430664,92.19000244140625,94.16999816894531,80.1474609375,1190800
2016-04-13,95.43000030517578,97.63999938964844,95.31999969482422,97.62999725341797,83.09225463867188,1287700
2016-04-14,97.29000091552734,98.12999725341797,96.37000274658203,97.13999938964844,82.67520904541016,1238700
2016-04-15,97.05000305175781,97.44999694824219,95.88999938964844,96.41999816894531,82.06241607666016,965900
2016-04-18,96.0,96.9800033569336,95.54000091552734,96.58000183105469,82.1985855102539,948900
2016-04-19,96.95999908447266,97.06999969482422,95.98999786376953,96.83999633789062,82.4198989868164,960500
2016-04-20,97.20999908447266,99.08999633789062,96.70999908447266,98.76000213623047,84.0539779663086,1204000
2016-04-21,99.0999984741211,99.88999938964844,98.27999877929688,98.83000183105469,84.1135482788086,873100
2016-04-22,99.20999908447266,100.38999938964844,98.98999786376953,99.91999816894531,85.0412368774414,957800
2016-04-25,99.30999755859375,99.79000091552734,98.0199966430664,98.86000061035156,84.13909149169922,721100
2016-04-26,99.41999816894531,100.30000305175781,99.05999755859375,100.23999786376953,85.31356811523438,831000
2016-04-27,99.79000091552734,101.43000030517578,98.52999877929688,101.06999969482422,86.02002716064453,1104100
2016-04-28,100.30999755859375,101.0,97.76000213623047,98.12999725341797,83.51781463623047,1161700
2016-04-29,97.4800033569336,97.83999633789062,95.44000244140625,95.9000015258789,81.61983489990234,1585900
2016-05-02,96.08999633789062,97.94000244140625,95.11000061035156,97.81999969482422,83.25396728515625,1436300
2016-05-03,95.83999633789062,96.12999725341797,94.01000213623047,95.56999969482422,81.3389892578125,1404600
2016-05-04,94.5999984741211,95.7699966430664,93.70999908447266,94.77999877929688,80.6666259765625,984000
2016-05-05,94.37000274658203,95.05000305175781,93.04000091552734,93.16999816894531,79.92884063720703,1524600
2016-05-06,92.33000183105469,93.37999725341797,91.9000015258789,93.25,79.99747467041016,1713300
2016-05-09,93.04000091552734,93.4000015258789,92.55000305175781,92.93000030517578,79.72296142578125,1102500
2016-05-10,93.68000030517578,95.48999786376953,93.55000305175781,95.22000122070312,81.68750762939453,1291800
2016-05-11,94.87000274658203,96.08000183105469,94.77999877929688,95.16999816894531,81.6446304321289,1221500
2016-05-12,95.87000274658203,96.70999908447266,94.30999755859375,95.33999633789062,81.79045867919922,1060300
2016-05-13,95.2300033569336,96.44999694824219,93.4800033569336,93.83000183105469,80.49506378173828,1348100
2016-05-16,93.79000091552734,95.16999816894531,93.47000122070312,94.55999755859375,81.1213150024414,1008400
2016-05-17,94.20999908447266,96.2300033569336,94.0199966430664,95.08999633789062,81.57598876953125,1032700
2016-05-18,94.66000366210938,97.62000274658203,94.25,97.52999877929688,83.66922760009766,1525800
2016-05-19,96.73999786376953,97.9800033569336,95.5199966430664,96.61000061035156,82.87997436523438,1281000
2016-05-20,97.26000213623047,98.23999786376953,97.11000061035156,97.66999816894531,83.7893295288086,883100
2016-05-23,97.37999725341797,97.93000030517578,96.91999816894531,97.55000305175781,83.68638610839844,724100
2016-05-24,98.44999694824219,99.93000030517578,98.06999969482422,99.7699966430664,85.59088897705078,953900
2016-05-25,100.16999816894531,102.05000305175781,100.01000213623047,101.36000061035156,86.95491027832031,992600
2016-05-26,101.25,101.2699966430664,100.12000274658203,100.16999816894531,85.93401336669922,845900
2016-05-27,100.44000244140625,101.54000091552734,99.79000091552734,101.5199966430664,87.09215545654297,596700
2016-05-31,101.80999755859375,102.30999755859375,101.0,101.66999816894531,87.2208251953125,1124000
2016-06-01,101.66999816894531,102.73999786376953,99.9800033569336,102.3499984741211,87.8042221069336,1103900
2016-06-02,101.43000030517578,102.12999725341797,100.7300033569336,102.0199966430664,87.52111053466797,698300
2016-06-03,100.0999984741211,100.68000030517578,99.0199966430664,100.5,86.21712493896484,1030400
2016-06-06,100.62999725341797,102.48999786376953,100.48999786376953,102.0199966430664,87.52111053466797,707300
2016-06-07,102.1500015258789,102.43000030517578,101.4800033569336,101.75,87.28948211669922,600300
2016-06-08,101.52999877929688,102.51000213623047,100.7699966430664,101.44000244140625,87.02352905273438,691300
2016-06-09,100.95999908447266,100.98999786376953,99.94999694824219,100.66999816894531,86.36296081542969,799700
2016-06-10,99.33000183105469,99.66999816894531,98.76000213623047,99.55000305175781,85.4021224975586,1179700
2016-06-13,98.8499984741211,100.13999938964844,98.75,98.8499984741211,84.8016128540039,1295300
2016-06-14,98.4000015258789,99.16999816894531,95.66999816894531,96.19000244140625,82.51964569091797,2172700
2016-06-15,96.75,98.08999633789062,96.1500015258789,96.76000213623047,83.00865173339844,1049700
2016-06-16,95.66000366210938,96.33999633789062,94.62000274658203,96.26000213623047,82.5797119140625,1240200
2016-06-17,96.33000183105469,97.38999938964844,96.05999755859375,96.69999694824219,82.9571533203125,1328100
2016-06-20,97.36000061035156,99.62000274658203,97.36000061035156,98.29000091552734,84.32119750976562,1131100
2016-06-21,98.94000244140625,99.05999755859375,98.0999984741211,98.69000244140625,84.66437530517578,746100
2016-06-22,98.62000274658203,99.6500015258789,98.48999786376953,99.16999816894531,85.07613372802734,893300
2016-06-23,100.5,101.72000122070312,100.4800033569336,101.70999908447266,87.25518035888672,1043100
2016-06-24,94.62999725341797,96.55000305175781,91.30000305175781,91.31999969482422,78.3417739868164,3543100
2016-06-27,88.66000366210938,88.66000366210938,85.20999908447266,85.5199966430664,73.36605834960938,2365600
2016-06-28,87.06999969482422,87.41999816894531,84.91999816894531,85.69999694824219,73.52046203613281,3708800
2016-06-29,86.8499984741211,89.02999877929688,86.20999908447266,88.97000122070312,76.32577514648438,1727500
2016-06-30,89.04000091552734,89.8499984741211,87.62000274658203,89.8499984741211,77.08068084716797,2104100
2016-07-01,89.62999725341797,91.62000274658203,89.37999725341797,89.7699966430664,77.01203155517578,1234500
2016-07-05,88.81999969482422,89.08000183105469,86.2300033569336,86.8499984741211,74.50702667236328,1507100
2016-07-06,86.1500015258789,87.44000244140625,84.93000030517578,87.33000183105469,74.9188461303711,969200
2016-07-07,87.5,88.8499984741211,87.25,88.08000183105469,75.56224822998047,1150700
2016-07-08,89.83999633789062,91.26000213623047,89.77999877929688,90.83999633789062,77.92999267578125,998700
2016-07-11,91.7300033569336,92.47000122070312,90.94000244140625,91.66000366210938,78.63346099853516,941000
2016-07-12,93.05000305175781,94.72000122070312,92.87000274658203,94.62000274658203,81.17277526855469,1072700
2016-07-13,94.5199966430664,94.73999786376953,93.19000244140625,93.8499984741211,80.51221466064453,1087500
2016-07-14,96.20999908447266,96.37999725341797,94.80999755859375,95.76000213623047,82.15076446533203,1076700
2016-07-15,96.66000366210938,96.9800033569336,95.69000244140625,96.23999786376953,82.56253814697266,917600
2016-07-18,96.16000366210938,97.0199966430664,95.98999786376953,96.80999755859375,83.05154418945312,896400
2016-07-19,96.0999984741211,96.8499984741211,95.87999725341797,96.37999725341797,82.6826400756836,834800
2016-07-20,96.81999969482422,96.81999969482422,95.45999908447266,96.5,82.78560638427734,766300
2016-07-21,96.5,97.06999969482422,96.12000274658203,96.25,82.57112884521484,563900
2016-07-22,96.48999786376953,97.16000366210938,96.04000091552734,97.08000183105469,83.28315734863281,626000
2016-07-25,96.44999694824219,96.9800033569336,95.95999908447266,96.30000305175781,82.61399841308594,1175800
2016-07-26,95.97000122070312,96.83000183105469,95.9000015258789,96.5999984741211,82.87139892578125,1410600
2016-07-27,95.8499984741211,97.31999969482422,94.80000305175781,95.56999969482422,81.98775482177734,1362300
2016-07-28,95.16999816894531,95.91999816894531,94.12999725341797,95.55000305175781,81.9706039428711,925300
2016-07-29,95.02999877929688,96.11000061035156,94.87000274658203,95.83999633789062,82.2193832397461,888000
2016-08-01,96.05000305175781,96.29000091552734,94.4800033569336,94.83000183105469,81.35294342041016,933100
2016-08-02,94.75,95.44999694824219,92.56999969482422,93.0,79.78303527832031,1094700
2016-08-03,93.20999908447266,95.04000091552734,93.20999908447266,94.80999755859375,81.33578491210938,906500
2016-08-04,94.0999984741211,94.36000061035156,93.29000091552734,93.94000244140625,81.23201751708984,759000
2016-08-05,95.20999908447266,96.69999694824219,94.79000091552734,96.5199966430664,83.46295928955078,1298100
2016-08-08,96.54000091552734,97.48999786376953,96.18000030517578,96.80999755859375,83.71378326416016,568400
2016-08-09,96.80999755859375,97.11000061035156,96.2300033569336,96.26000213623047,83.23817443847656,507400
2016-08-10,96.2300033569336,96.8499984741211,95.51000213623047,95.72000122070312,82.771240234375,740700
2016-08-11,95.8499984741211,96.5999984741211,95.37000274658203,96.12999725341797,83.12574768066406,441400
2016-08-12,95.2300033569336,95.91999816894531,94.41000366210938,95.5999984741211,82.66744995117188,447100
2016-08-15,95.91999816894531,97.12000274658203,95.69000244140625,96.8499984741211,83.74834442138672,437000
2016-08-16,96.62000274658203,97.01000213623047,96.02999877929688,96.54000091552734,83.48028564453125,543100
2016-08-17,96.5999984741211,97.63999938964844,96.51000213623047,97.22000122070312,84.06829071044922,763100
2016-08-18,97.13999938964844,97.75,96.8499984741211,97.16999816894531,84.02506256103516,772100
2016-08-19,96.70999908447266,97.25,96.12999725341797,97.01000213623047,83.88671875,531400
2016-08-22,96.8499984741211,97.02999877929688,96.25,96.80999755859375,83.71378326416016,458500
2016-08-23,97.30000305175781,97.95999908447266,97.26000213623047,97.66000366210938,84.44879913330078,622600
2016-08-24,97.73999786376953,97.94999694824219,97.3499984741211,97.52999877929688,84.33637237548828,636000
2016-08-25,97.30999755859375,97.55999755859375,96.79000091552734,97.41999816894531,84.24124908447266,681100
2016-08-26,97.87000274658203,99.06999969482422,97.73999786376953,98.33999633789062,85.03679656982422,851800
2016-08-29,98.33999633789062,99.47000122070312,97.9000015258789,99.02999877929688,85.63345336914062,581900
2016-08-30,99.0,100.75,99.0,100.66000366210938,87.04293823242188,775800
2016-08-31,100.66999816894531,101.23999786376953,99.7300033569336,101.08000183105469,87.40612030029297,1556200
2016-09-01,101.48999786376953,101.70999908447266,99.33999633789062,99.88999938964844,86.37710571289062,1062700
2016-09-02,100.36000061035156,101.44999694824219,99.87000274658203,101.11000061035156,87.43206024169922,652300
2016-09-06,100.8499984741211,101.01000213623047,99.72000122070312,100.66000366210938,87.04293823242188,779600
2016-09-07,100.16000366210938,100.88999938964844,99.88999938964844,100.76000213623047,87.12943267822266,589100
2016-09-08,100.58999633789062,101.12999725341797,100.56999969482422,100.75,87.12078857421875,644400
2016-09-09,100.23999786376953,100.80999755859375,99.4000015258789,99.41000366210938,85.96205139160156,740600
2016-09-12,98.58000183105469,101.80999755859375,98.30000305175781,101.5199966430664,87.78660583496094,1070300
2016-09-13,99.95999908447266,100.44999694824219,98.77999877929688,99.23999786376953,85.81503295898438,847300
2016-09-14,99.18000030517578,100.0,98.55999755859375,99.20999908447266,85.78910827636719,920100
2016-09-15,98.81999969482422,101.45999908447266,98.81999969482422,100.91999816894531,87.26776123046875,883500
2016-09-16,99.94000244140625,100.0,98.38999938964844,99.30999755859375,85.87556457519531,1965900
2016-09-19,99.83000183105469,101.29000091552734,99.62999725341797,99.95999908447266,86.43762969970703,698600
2016-09-20,100.30000305175781,100.76000213623047,99.3499984741211,99.37000274658203,85.92745971679688,671600
2016-09-21,100.11000061035156,101.0999984741211,99.7699966430664,100.86000061035156,87.21589660644531,614200
2016-09-22,101.5,101.61000061035156,100.61000061035156,100.88999938964844,87.24182891845703,718000
2016-09-23,100.16999816894531,101.22000122070312,99.52999877929688,99.63999938964844,86.16094207763672,888100
2016-09-26,98.13999938964844,99.01000213623047,97.38999938964844,97.86000061035156,84.62174224853516,1003900
2016-09-27,97.41999816894531,98.48999786376953,96.75,98.37000274658203,85.06273651123047,929400
2016-09-28,99.05000305175781,99.55000305175781,98.30000305175781,99.1500015258789,85.73721313476562,885600
2016-09-29,98.88999938964844,99.41999816894531,96.72000122070312,97.41999816894531,84.24124908447266,773300
2016-09-30,98.69999694824219,100.33999633789062,98.26000213623047,99.7699966430664,86.27334594726562,958200
2016-10-03,99.13999938964844,101.58999633789062,99.13999938964844,100.83000183105469,87.18995666503906,938300
2016-10-04,101.20999908447266,101.95999908447266,100.80000305175781,101.02999877929688,87.36288452148438,920600
2016-10-05,101.75,103.63999938964844,101.19999694824219,103.19000244140625,89.23069763183594,920700
2016-10-06,103.19999694824219,103.45999908447266,102.19999694824219,102.80999755859375,88.902099609375,577900
2016-10-07,102.72000122070312,102.72000122070312,100.62000274658203,101.16000366210938,87.4753189086914,903000
2016-10-10,102.16999816894531,102.45999908447266,101.45999908447266,101.62000274658203,87.8730697631836,567200
2016-10-11,101.36000061035156,101.83000183105469,99.12999725341797,99.69000244140625,86.20417785644531,694900
2016-10-12,99.91999816894531,100.91999816894531,99.62000274658203,100.08999633789062,86.55005645751953,542800
2016-10-13,98.69999694824219,98.91000366210938,96.87000274658203,98.69999694824219,85.34808349609375,706100
2016-10-14,99.01000213623047,99.97000122070312,97.08000183105469,97.08000183105469,83.94725036621094,1236100
2016-10-17,97.08000183105469,97.55000305175781,96.2699966430664,96.4000015258789,83.3592300415039,921100
2016-10-18,97.61000061035156,97.88999938964844,96.91999816894531,97.12999725341797,83.990478515625,766300
2016-10-19,97.76000213623047,98.5199966430664,97.44000244140625,98.08999633789062,84.82061004638672,700000
2016-10-20,97.97000122070312,98.9000015258789,97.6500015258789,97.8499984741211,84.61306762695312,728500
2016-10-21,96.7300033569336,97.83999633789062,96.7300033569336,97.56999969482422,84.37095642089844,700100
2016-10-24,98.29000091552734,99.44999694824219,97.87000274658203,97.9800033569336,84.72550201416016,902500
2016-10-25,98.0199966430664,98.33999633789062,96.98999786376953,97.2300033569336,84.07696533203125,937700
2016-10-26,96.41000366210938,96.41000366210938,90.11000061035156,90.12999725341797,77.93742370605469,2710500
2016-10-27,90.44000244140625,91.20999908447266,89.48999786376953,90.88999938964844,78.59461212158203,2488800
2016-10-28,90.95999908447266,91.0199966430664,89.01000213623047,89.2300033569336,77.1591796875,1425000
2016-10-31,89.37999725341797,89.70999908447266,87.69999694824219,88.38999938964844,76.43280792236328,1661300
2016-11-01,88.97000122070312,89.3499984741211,86.97000122070312,87.69999694824219,75.83615112304688,1283200
2016-11-02,87.29000091552734,87.62999725341797,86.25,86.76000213623047,75.02330017089844,1002700
2016-11-03,86.61000061035156,88.69999694824219,86.55999755859375,87.55000305175781,76.3666000366211,1974900
2016-11-04,87.69999694824219,89.11000061035156,87.22000122070312,87.7699966430664,76.55848693847656,1260500
2016-11-07,89.91000366210938,91.27999877929688,89.55000305175781,91.19999694824219,79.55034637451172,1173100
2016-11-08,90.83000183105469,91.33999633789062,89.61000061035156,90.7300033569336,79.14038848876953,714600
2016-11-09,91.72000122070312,102.12000274658203,91.45999908447266,102.0,88.97078704833984,3675000
2016-11-10,104.5,111.87999725341797,103.94000244140625,109.88999938964844,95.8529281616211,4188700
2016-11-11,109.30999755859375,111.05000305175781,108.80999755859375,110.8499984741211,96.6903076171875,1839800
2016-11-14,112.58999633789062,115.29000091552734,112.33000183105469,114.26000213623047,99.66471862792969,2013100
2016-11-15,113.12999725341797,114.30000305175781,111.44999694824219,114.22000122070312,99.62982940673828,1800300
2016-11-16,113.22000122070312,114.25,112.98999786376953,114.0,99.43795013427734,1087800
2016-11-17,114.37999725341797,115.5,113.08999633789062,113.58999633789062,99.08030700683594,1370700
2016-11-18,113.55000305175781,114.75,113.04000091552734,113.13999938964844,98.68778991699219,1087500
2016-11-21,113.75,114.55999755859375,113.23999786376953,114.23999786376953,99.64726257324219,826300
2016-11-22,114.41999816894531,115.23999786376953,112.86000061035156,113.79000091552734,99.25475311279297,960700
2016-11-23,114.01000213623047,114.63999938964844,112.81999969482422,113.69000244140625,99.16754913330078,831100
2016-11-25,114.23999786376953,114.52999877929688,113.48999786376953,114.45999908447266,99.83917236328125,338000
2016-11-28,112.9800033569336,114.05999755859375,112.0,112.5,98.12955474853516,1046400
2016-11-29,112.87000274658203,113.83999633789062,111.95999908447266,112.05999755859375,97.7457504272461,1077400
2016-11-30,113.29000091552734,114.66999816894531,113.06999969482422,114.20999908447266,99.62110900878906,1426200
2016-12-01,115.43000030517578,116.72000122070312,114.61000061035156,115.04000091552734,100.34510803222656,1225700
2016-12-02,114.88999938964844,114.94999694824219,112.94999694824219,113.47000122070312,98.97561645507812,860900
2016-12-05,113.98999786376953,115.18000030517578,113.3499984741211,114.62999725341797,99.98745727539062,1122700
2016-12-06,115.7300033569336,115.7300033569336,114.04000091552734,115.19999694824219,100.48465728759766,1806200
2016-12-07,114.81999969482422,117.05999755859375,114.7300033569336,116.76000213623047,101.84539031982422,1177100
2016-12-08,117.44000244140625,119.31999969482422,116.80000305175781,118.9000015258789,103.71202850341797,1092500
2016-12-09,118.94000244140625,118.94000244140625,116.91999816894531,118.56999969482422,103.4241714477539,1029400
2016-12-12,118.19000244140625,118.33000183105469,115.18000030517578,115.36000061035156,100.62421417236328,943300
2016-12-13,115.94000244140625,116.8499984741211,113.80000305175781,114.87999725341797,100.20552825927734,975500
2016-12-14,114.12000274658203,115.70999908447266,112.45999908447266,112.93000030517578,98.50460815429688,1942700
2016-12-15,113.29000091552734,115.54000091552734,112.51000213623047,114.4000015258789,99.78682708740234,1358100
2016-12-16,114.69000244140625,114.87999725341797,111.5,111.7300033569336,97.45789337158203,2095900
2016-12-19,111.6500015258789,111.91000366210938,110.05000305175781,111.41000366210938,97.17878723144531,1511000
2016-12-20,113.13999938964844,113.7300033569336,112.63999938964844,113.4800033569336,98.9843521118164,844400
2016-12-21,113.3499984741211,113.4800033569336,112.12000274658203,112.91000366210938,98.4871826171875,627300
2016-12-22,112.76000213623047,112.77999877929688,111.37999725341797,111.76000213623047,97.48409271240234,665700
2016-12-23,112.05999755859375,112.22000122070312,110.8499984741211,111.93000030517578,97.63235473632812,448400
2016-12-27,112.29000091552734,112.80000305175781,111.8499984741211,112.33000183105469,97.98126220703125,338100
2016-12-28,112.61000061035156,113.33999633789062,110.79000091552734,110.81999969482422,96.66413879394531,581000
2016-12-29,110.88999938964844,111.69000244140625,109.19000244140625,109.91999816894531,95.87909698486328,670200
2016-12-30,110.62000274658203,111.5999984741211,110.2300033569336,110.94000244140625,96.76882934570312,798100
2017-01-03,113.12000274658203,113.19999694824219,110.55999755859375,111.8499984741211,97.56259155273438,1029800
2017-01-04,112.66000366210938,115.79000091552734,111.9800033569336,115.19999694824219,100.48465728759766,1523800
2017-01-05,114.26000213623047,115.48999786376953,112.54000091552734,113.73999786376953,99.21114349365234,1491900
2017-01-06,114.62999725341797,116.30999755859375,114.02999877929688,115.66000366210938,100.88589477539062,1463800
2017-01-09,116.12999725341797,116.88999938964844,115.13999938964844,115.19999694824219,100.48465728759766,993900
2017-01-10,115.36000061035156,116.16000366210938,114.41999816894531,114.7300033569336,100.0746841430664,891200
2017-01-11,114.45999908447266,115.08999633789062,113.22000122070312,115.05999755859375,100.36251831054688,1055300
2017-01-12,114.41000366210938,115.44000244140625,112.9000015258789,115.08999633789062,100.38868713378906,936300
2017-01-13,115.75,117.16000366210938,114.98999786376953,115.2699966430664,100.54573059082031,495100
2017-01-17,113.9800033569336,114.30999755859375,111.30999755859375,111.55000305175781,97.3008804321289,757900
2017-01-18,112.27999877929688,113.5199966430664,110.75,113.41000366210938,98.9233169555664,1078300
2017-01-19,113.51000213623047,114.11000061035156,111.8499984741211,112.9800033569336,98.54823303222656,893000
2017-01-20,113.66000366210938,113.94999694824219,112.3499984741211,113.05000305175781,98.60929107666016,1180000
2017-01-23,112.62999725341797,113.95999908447266,112.08000183105469,112.86000061035156,98.44355773925781,678100
2017-01-24,113.36000061035156,115.33000183105469,112.43000030517578,114.30999755859375,99.70832824707031,690000
2017-01-25,115.88999938964844,117.22000122070312,114.77999877929688,116.94999694824219,102.01111602783203,1136800
2017-01-26,117.4800033569336,117.56999969482422,114.5199966430664,114.87999725341797,100.20552825927734,1314800
2017-01-27,115.5,115.62999725341797,113.18000030517578,113.4000015258789,98.9145736694336,1009700
2017-01-30,112.62999725341797,113.19999694824219,111.26000213623047,113.05999755859375,98.61801147460938,810400
2017-01-31,112.0199966430664,113.18000030517578,110.97000122070312,112.2699966430664,97.92890930175781,1159500
2017-02-01,113.62000274658203,115.22000122070312,112.4000015258789,113.08000183105469,98.63545227050781,1035100
2017-02-02,116.18000030517578,123.29000091552734,116.18000030517578,117.9000015258789,102.83976745605469,3524700
2017-02-03,120.93000030517578,121.86000061035156,120.22000122070312,121.26000213623047,105.77055358886719,1942400
2017-02-06,121.0,123.72000122070312,120.94999694824219,123.37000274658203,107.61103057861328,2088600
2017-02-07,123.81999969482422,124.0,122.72000122070312,123.18000030517578,107.44530487060547,1274600
2017-02-08,122.08999633789062,122.08999633789062,120.87000274658203,121.58000183105469,106.04969024658203,1120100
2017-02-09,121.3499984741211,124.0199966430664,120.83999633789062,123.7300033569336,108.59495544433594,1176400
2017-02-10,124.05000305175781,124.8499984741211,122.70999908447266,124.30999755859375,109.10399627685547,1120800
2017-02-13,125.0,126.87999725341797,124.95999908447266,126.1500015258789,110.71893310546875,1044200
2017-02-14,125.58000183105469,128.3800048828125,125.56999969482422,127.80999755859375,112.17585754394531,1319300
2017-02-15,128.0500030517578,129.19000244140625,127.41999816894531,128.8699951171875,113.10620880126953,815600
2017-02-16,128.58999633789062,129.27000427246094,127.9000015258789,129.16000366210938,113.36073303222656,1026600
2017-02-17,127.87000274658203,129.05999755859375,127.33999633789062,128.99000549316406,113.2115478515625,1046700
2017-02-21,129.60000610351562,131.22000122070312,129.22000122070312,130.77000427246094,114.77381896972656,1256000
2017-02-22,129.52000427246094,131.32000732421875,129.4600067138672,130.67999267578125,114.69479370117188,1002700
2017-02-23,131.11000061035156,131.3699951171875,129.2100067138672,130.47999572753906,114.5192642211914,684700
2017-02-24,128.7899932861328,130.10000610351562,128.0399932861328,129.8300018310547,113.94878387451172,976600
2017-02-27,129.75,131.36000061035156,129.63999938964844,131.11000061035156,115.07220458984375,641300
2017-02-28,130.17999267578125,131.5500030517578,129.97999572753906,131.5,115.41451263427734,1455700
2017-03-01,134.55999755859375,135.1999969482422,133.89999389648438,134.27999877929688,117.85445404052734,1611000
2017-03-02,135.0,135.1199951171875,131.50999450683594,131.60000610351562,115.50228118896484,1421400
2017-03-03,131.72000122070312,133.47999572753906,131.14999389648438,133.05999755859375,116.78365325927734,1129800
2017-03-06,132.44000244140625,133.05999755859375,131.47999572753906,132.42999267578125,116.2307357788086,924700
2017-03-07,132.38999938964844,132.82000732421875,131.67999267578125,132.17999267578125,116.01132202148438,810000
2017-03-08,133.1300048828125,133.9499969482422,132.44000244140625,132.55999755859375,116.34483337402344,648200
2017-03-09,133.0800018310547,133.8699951171875,132.52000427246094,132.72000122070312,116.48526763916016,879300
2017-03-10,133.55999755859375,133.55999755859375,131.0800018310547,132.10000610351562,115.94111633300781,1289000
2017-03-13,132.5,132.91000366210938,131.72999572753906,132.58999633789062,116.37116241455078,861700
2017-03-14,131.8699951171875,132.52000427246094,130.22000122070312,132.41000366210938,116.21318817138672,830000
2017-03-15,133.22000122070312,134.8699951171875,132.6699981689453,133.6699981689453,117.31902313232422,839800
2017-03-16,134.1199951171875,134.9600067138672,133.72000122070312,134.60000610351562,118.13530731201172,1022900
2017-03-17,134.69000244140625,134.72000122070312,131.27999877929688,131.7100067138672,115.59882354736328,2034500
2017-03-20,131.0399932861328,131.50999450683594,129.63999938964844,130.49000549316406,114.52803039550781,1009300
2017-03-21,131.27999877929688,131.27999877929688,125.62999725341797,125.87000274658203,110.47315979003906,1507900
2017-03-22,125.0,126.04000091552734,122.31999969482422,125.20999908447266,109.8938980102539,1516500
2017-03-23,124.69000244140625,127.18000030517578,124.38999938964844,125.66000366210938,110.28888702392578,864900
2017-03-24,126.08000183105469,126.80999755859375,124.63999938964844,125.26000213623047,109.93778991699219,981800
2017-03-27,122.52999877929688,125.36000061035156,121.30000305175781,125.27999877929688,109.95535278320312,1289200
2017-03-28,124.72000122070312,129.44000244140625,124.72000122070312,128.36000061035156,112.65859985351562,1224200
2017-03-29,127.58000183105469,128.3699951171875,126.83000183105469,127.4000015258789,111.81603240966797,744300
2017-03-30,127.25,129.8699951171875,126.91000366210938,129.66000366210938,113.79957580566406,696500
2017-03-31,128.9600067138672,130.8300018310547,128.85000610351562,129.67999267578125,113.81713104248047,1152300
2017-04-03,129.94000244140625,130.27999877929688,127.69000244140625,129.57000732421875,113.72057342529297,982900
2017-04-04,128.75999450683594,129.82000732421875,128.6999969482422,128.89999389648438,113.13253784179688,743800
2017-04-05,130.0,131.6300048828125,127.81999969482422,128.02000427246094,112.36019134521484,1017000
2017-04-06,127.73999786376953,129.99000549316406,126.93000030517578,129.7100067138672,113.8434829711914,678400
2017-04-07,128.52999877929688,130.44000244140625,128.07000732421875,129.3000030517578,113.48361206054688,808300
2017-04-10,129.22000122070312,130.4499969482422,128.61000061035156,129.3699951171875,113.54503631591797,576500
2017-04-11,128.5,129.47000122070312,127.45999908447266,129.3000030517578,113.48361206054688,1003700
2017-04-12,129.0,129.05999755859375,126.98999786376953,127.54000091552734,111.93889617919922,908000
2017-04-13,126.72000122070312,128.77000427246094,126.19000244140625,126.2300033569336,110.78913879394531,895000
2017-04-17,126.45999908447266,127.8499984741211,126.04000091552734,127.75,112.1231918334961,1119300
2017-04-18,126.5199966430664,127.2300033569336,125.81999969482422,126.61000061035156,111.1226577758789,1222400
2017-04-19,128.0,128.47999572753906,126.41000366210938,126.9000015258789,111.3771743774414,1237600
2017-04-20,127.87000274658203,129.74000549316406,126.86000061035156,129.57000732421875,113.72057342529297,1360800
2017-04-21,129.77999877929688,130.42999267578125,128.0399932861328,128.44000244140625,112.72881317138672,937200
2017-04-24,132.1999969482422,132.8800048828125,131.1199951171875,131.86000061035156,115.73047637939453,1432600
2017-04-25,131.85000610351562,132.1999969482422,128.1699981689453,130.8800048828125,114.87033081054688,2065700
2017-04-26,130.6199951171875,131.25999450683594,128.9600067138672,129.0,113.22029876708984,1304100
2017-04-27,128.58999633789062,129.5399932861328,127.23999786376953,128.4600067138672,112.7463607788086,1314500
2017-04-28,128.41000366210938,129.3800048828125,127.7699966430664,127.8499984741211,112.21096801757812,1219100
2017-05-01,128.9199981689453,129.4600067138672,127.70999908447266,128.80999755859375,113.05354309082031,1089900
2017-05-02,129.61000061035156,129.67999267578125,128.44000244140625,129.11000061035156,113.31685638427734,827100
2017-05-03,128.3000030517578,129.3300018310547,128.1999969482422,129.02000427246094,113.23785400390625,629300
2017-05-04,129.05999755859375,129.3800048828125,127.55999755859375,128.10000610351562,113.1583480834961,829600
2017-05-05,128.36000061035156,128.88999938964844,127.4000015258789,128.82000732421875,113.79438781738281,755500
2017-05-08,128.8000030517578,129.0800018310547,127.94999694824219,128.3800048828125,113.40569305419922,629100
2017-05-09,128.47000122070312,129.8800048828125,128.24000549316406,128.91000366210938,113.87388610839844,683900
2017-05-10,128.60000610351562,129.16000366210938,127.76000213623047,129.08999633789062,114.03288269042969,505000
2017-05-11,128.33999633789062,128.9499969482422,126.51000213623047,127.58999633789062,112.70783996582031,786300
2017-05-12,126.83999633789062,127.4800033569336,125.55999755859375,126.12999725341797,111.41812896728516,799400
2017-05-15,126.73999786376953,128.77999877929688,126.54000091552734,128.77000427246094,113.75019073486328,877600
2017-05-16,128.72999572753906,130.1300048828125,128.5500030517578,129.9199981689453,114.76606750488281,963100
2017-05-17,129.9199981689453,129.9199981689453,122.80000305175781,123.33999633789062,108.95356750488281,1886400
2017-05-18,123.25,125.63999938964844,123.01000213623047,124.41999816894531,109.9075927734375,2229500
2017-05-19,124.9000015258789,126.77999877929688,124.62999725341797,125.83000183105469,111.15314483642578,1571300
2017-05-22,126.55000305175781,126.91999816894531,124.86000061035156,125.11000061035156,110.5171127319336,780200
2017-05-23,123.77999877929688,124.62000274658203,121.55999755859375,122.9800033569336,108.63557434082031,1881000
2017-05-24,123.0,123.63999938964844,121.05999755859375,121.80999755859375,107.60203552246094,1394600
2017-05-25,122.37000274658203,123.02999877929688,121.86000061035156,122.61000061035156,108.3087158203125,965400
2017-05-26,122.29000091552734,123.0,122.01000213623047,122.30000305175781,108.0348892211914,643300
2017-05-30,121.9000015258789,122.47000122070312,121.0999984741211,121.0999984741211,106.97482299804688,893900
2017-05-31,121.08000183105469,121.33000183105469,118.83999633789062,120.79000091552734,106.70099639892578,2325700
2017-06-01,121.66000366210938,123.22000122070312,121.08999633789062,123.12999725341797,108.7680435180664,1699100
2017-06-02,122.11000061035156,123.2699966430664,120.80000305175781,122.66999816894531,108.36172485351562,1560000
2017-06-05,122.58999633789062,123.88999938964844,122.0999984741211,122.20999908447266,107.95536804199219,699200
2017-06-06,121.05999755859375,121.88999938964844,120.11000061035156,120.91999816894531,106.81583404541016,701400
2017-06-07,121.5999984741211,122.61000061035156,121.20999908447266,121.94999694824219,107.72570037841797,832700
2017-06-08,121.94999694824219,124.81999969482422,121.79000091552734,123.26000213623047,108.88288879394531,767300
2017-06-09,124.13999938964844,126.56999969482422,123.80000305175781,126.48999786376953,111.73615264892578,740500
2017-06-12,126.30999755859375,128.0,126.30999755859375,127.43000030517578,112.5665054321289,1076800
2017-06-13,128.0399932861328,128.36000061035156,126.80999755859375,127.25,112.40750122070312,851900
2017-06-14,125.97000122070312,127.87999725341797,125.2300033569336,127.83000183105469,112.91987609863281,973900
2017-06-15,127.0,129.77000427246094,126.97000122070312,129.61000061035156,114.49221801757812,1750600
2017-06-16,129.92999267578125,130.39999389648438,129.17999267578125,130.35000610351562,115.1458969116211,1338000
2017-06-19,131.0,133.02000427246094,130.47999572753906,132.1199951171875,116.70945739746094,1132200
2017-06-20,131.4600067138672,132.10000610351562,130.6699981689453,130.67999267578125,115.43742370605469,548600
2017-06-21,130.72000122070312,130.82000732421875,128.02000427246094,128.24000549316406,113.28202819824219,879000
2017-06-22,128.0500030517578,128.05999755859375,126.25,126.3499984741211,111.61247253417969,1190400
2017-06-23,127.16000366210938,127.16000366210938,125.27999877929688,125.55000305175781,110.90579986572266,2733900
2017-06-26,125.95999908447266,127.25,125.06999969482422,126.19000244140625,111.47115325927734,880000
2017-06-27,126.80000305175781,127.45999908447266,125.72000122070312,125.79000091552734,111.11780548095703,956500
2017-06-28,127.01000213623047,129.2899932861328,126.9800033569336,128.41000366210938,113.43218994140625,906100
2017-06-29,130.47000122070312,131.27000427246094,127.22000122070312,128.02000427246094,113.08770751953125,901000
2017-06-30,128.64999389648438,129.05999755859375,127.13999938964844,127.29000091552734,112.44284057617188,833500
2017-07-03,128.5399932861328,131.49000549316406,128.05999755859375,130.13999938964844,114.96043395996094,539400
2017-07-05,130.38999938964844,131.6699981689453,129.25,131.1300048828125,115.83492279052734,895500
2017-07-06,130.9499969482422,131.4499969482422,128.8800048828125,129.14999389648438,114.08587646484375,797400
2017-07-07,129.27000427246094,131.6999969482422,128.97000122070312,131.30999755859375,115.9939193725586,634100
2017-07-10,131.13999938964844,133.5,130.52999877929688,132.85000610351562,117.35431671142578,696600
2017-07-11,133.13999938964844,133.22000122070312,130.55999755859375,131.44000244140625,116.10877227783203,784000
2017-07-12,131.6300048828125,133.6300048828125,131.5800018310547,133.30999755859375,117.76065826416016,991500
2017-07-13,133.7100067138672,134.47999572753906,133.0500030517578,134.19000244140625,118.53804016113281,669800
2017-07-14,132.4600067138672,135.47000122070312,132.41000366210938,134.74000549316406,119.02388763427734,804900
2017-07-17,134.5500030517578,135.6300048828125,134.30999755859375,134.72000122070312,119.00619506835938,715700
2017-07-18,133.83999633789062,134.6199951171875,133.02000427246094,134.57000732421875,118.87371826171875,1278300
2017-07-19,134.91000366210938,136.6300048828125,134.69000244140625,136.0399932861328,120.17224884033203,1141900
2017-07-20,136.30999755859375,137.3699951171875,135.7899932861328,136.7899932861328,120.83472442626953,754000
2017-07-21,136.66000366210938,137.38999938964844,136.0800018310547,136.33999633789062,120.43722534179688,840500
2017-07-24,136.24000549316406,137.6999969482422,136.1300048828125,137.55999755859375,121.51493835449219,697500
2017-07-25,139.44000244140625,139.91000366210938,138.14999389648438,138.83999633789062,122.6456298828125,1060900
2017-07-26,142.50999450683594,145.8800048828125,140.0,144.64999389648438,127.77792358398438,2653400
2017-07-27,145.22000122070312,145.22000122070312,142.1699981689453,142.5,125.87873077392578,1216000
2017-07-28,142.4600067138672,144.9600067138672,141.24000549316406,144.4499969482422,127.60128784179688,1240400
2017-07-31,144.74000549316406,145.3699951171875,143.5800018310547,144.8800048828125,127.98114013671875,1362400
2017-08-01,145.57000732421875,146.22999572753906,144.6699981689453,145.9199981689453,128.8997802734375,1189600
2017-08-02,145.77000427246094,147.19000244140625,145.10000610351562,145.52000427246094,128.5465087890625,1468000
2017-08-03,144.72000122070312,147.02999877929688,144.72000122070312,146.25,129.9324493408203,919500
2017-08-04,148.0500030517578,148.75,147.36000061035156,147.83999633789062,131.34503173828125,923100
2017-08-07,147.72000122070312,148.50999450683594,147.25999450683594,147.2899932861328,130.8563690185547,1234500
2017-08-08,147.0,149.99000549316406,146.6999969482422,148.8000030517578,132.19790649414062,943300
2017-08-09,147.58999633789062,148.1300048828125,146.42999267578125,147.9499969482422,131.44273376464844,964100
2017-08-10,146.89999389648438,147.42999267578125,143.5,143.7899932861328,127.74689483642578,1427200
2017-08-11,144.41000366210938,145.10000610351562,143.0399932861328,143.36000061035156,127.36486053466797,1009700
2017-08-14,145.33999633789062,146.3300018310547,144.83999633789062,145.13999938964844,128.94627380371094,723900
2017-08-15,146.27000427246094,147.02000427246094,144.42999267578125,144.89999389648438,128.7330322265625,730200
2017-08-16,145.72999572753906,146.3300018310547,143.10000610351562,143.36000061035156,127.36486053466797,810900
2017-08-17,142.8800048828125,143.36000061035156,138.5399932861328,138.74000549316406,123.26034545898438,1569000
2017-08-18,138.6300048828125,139.69000244140625,137.8000030517578,138.8000030517578,123.31363677978516,1793800
2017-08-21,138.75,138.75,136.97000122070312,137.4600067138672,122.1231689453125,820100
2017-08-22,138.1300048828125,139.24000549316406,137.97999572753906,138.7899932861328,123.30476379394531,759300
2017-08-23,137.66000366210938,139.94000244140625,136.72999572753906,138.50999450683594,123.05597686767578,1411000
2017-08-24,139.10000610351562,139.83999633789062,138.30999755859375,138.39999389648438,122.95829010009766,1066500
2017-08-25,139.24000549316406,139.58999633789062,138.10000610351562,138.61000061035156,123.14485168457031,1730500
2017-08-28,139.07000732421875,139.42999267578125,136.92999267578125,137.75,122.38080596923828,1644400
2017-08-29,136.11000061035156,138.07000732421875,134.85000610351562,137.3800048828125,122.0521011352539,1508400
2017-08-30,137.42999267578125,138.0500030517578,137.0500030517578,137.1999969482422,121.89216613769531,763900
2017-08-31,137.94000244140625,138.77000427246094,137.42999267578125,138.50999450683594,123.05597686767578,863900
2017-09-01,138.72000122070312,140.24000549316406,138.7100067138672,139.82000732421875,124.21986389160156,706700
2017-09-05,138.61000061035156,139.50999450683594,135.30999755859375,135.6699981689453,120.53285217285156,945200
2017-09-06,136.44000244140625,136.4499969482422,134.3699951171875,135.10000610351562,120.02645874023438,979600
2017-09-07,135.1999969482422,135.2899932861328,131.1999969482422,132.16000366210938,117.41450500488281,1046700
2017-09-08,132.16000366210938,133.52000427246094,131.60000610351562,132.77000427246094,117.9564208984375,841400
2017-09-11,134.92999267578125,136.72999572753906,134.22999572753906,136.5399932861328,121.30579376220703,1089000
2017-09-12,137.55999755859375,138.11000061035156,136.24000549316406,137.63999938964844,122.2830581665039,837600
2017-09-13,137.07000732421875,138.0800018310547,136.74000549316406,137.66000366210938,122.30085754394531,740100
2017-09-14,137.60000610351562,139.27999877929688,137.60000610351562,139.00999450683594,123.50022888183594,1280800
2017-09-15,138.97000122070312,140.3699951171875,138.88999938964844,139.86000061035156,124.25540161132812,1808200
2017-09-18,140.25999450683594,141.02000427246094,139.1199951171875,140.86000061035156,125.14379119873047,1504400
2017-09-19,141.13999938964844,141.80999755859375,140.4199981689453,141.22999572753906,125.47251892089844,1767100
2017-09-20,141.63999938964844,142.55999755859375,139.35000610351562,141.49000549316406,125.70355224609375,776100
2017-09-21,141.63999938964844,142.61000061035156,140.97000122070312,142.1199951171875,126.2632064819336,720200
2017-09-22,141.55999755859375,143.64999389648438,141.55999755859375,142.9199981689453,126.97396850585938,526100
2017-09-25,142.3300018310547,143.42999267578125,142.08999633789062,143.14999389648438,127.17830657958984,721500
2017-09-26,143.52999877929688,144.72000122070312,143.2100067138672,144.35000610351562,128.24440002441406,997200
2017-09-27,146.24000549316406,148.5,146.00999450683594,147.91000366210938,131.40721130371094,927700
2017-09-28,147.77000427246094,148.4600067138672,146.72000122070312,147.75,131.26507568359375,680600
2017-09-29,147.75,149.19000244140625,147.75,148.50999450683594,131.9402313232422,701400
2017-10-02,148.27999877929688,149.41000366210938,147.7899932861328,148.6699981689453,132.08242797851562,837400
2017-10-03,149.22000122070312,150.25,148.44000244140625,149.4499969482422,132.77540588378906,537200
2017-10-04,149.75,151.02999877929688,149.11000061035156,149.8699951171875,133.14852905273438,753900
2017-10-05,150.08999633789062,151.50999450683594,149.67999267578125,150.5500030517578,133.752685546875,1022200
2017-10-06,150.69000244140625,151.97999572753906,149.52000427246094,150.99000549316406,134.14356994628906,580800
2017-10-09,151.1199951171875,151.39999389648438,150.11000061035156,150.6300048828125,133.82371520996094,668600
2017-10-10,150.89999389648438,151.63999938964844,150.60000610351562,151.25,134.3745574951172,852500
2017-10-11,151.38999938964844,151.97000122070312,150.47000122070312,151.8300018310547,134.88983154296875,518600
2017-10-12,152.0,153.27999877929688,151.77000427246094,152.5800018310547,135.55618286132812,733600
2017-10-13,152.5500030517578,153.75,152.07000732421875,152.91000366210938,135.8493194580078,736000
2017-10-16,153.5500030517578,153.99000549316406,153.00999450683594,153.38999938964844,136.27578735351562,578100
2017-10-17,153.5399932861328,153.5399932861328,152.1699981689453,152.35000610351562,135.35183715820312,592900
2017-10-18,152.55999755859375,153.4600067138672,152.39999389648438,152.74000549316406,135.69830322265625,504500
2017-10-19,151.4199981689453,152.7100067138672,150.4600067138672,152.4499969482422,135.44065856933594,585800
2017-10-20,153.6999969482422,154.30999755859375,153.00999450683594,154.1199951171875,136.9243621826172,793900
2017-10-23,154.2899932861328,154.75,153.89999389648438,154.17999267578125,136.97764587402344,745900
2017-10-24,154.97999572753906,155.25999450683594,153.5,153.97000122070312,136.79107666015625,1459400
2017-10-25,156.14999389648438,159.57000732421875,154.24000549316406,157.05999755859375,139.53631591796875,1418700
2017-10-26,158.07000732421875,163.0399932861328,157.5399932861328,162.8000030517578,144.6359100341797,1514500
2017-10-27,162.39999389648438,162.57000732421875,160.17999267578125,160.6199951171875,142.69912719726562,736600
2017-10-30,160.3699951171875,160.77000427246094,157.9499969482422,158.3000030517578,140.6379852294922,894900
2017-10-31,158.36000061035156,158.8699951171875,156.5399932861328,156.5399932861328,139.0743408203125,624500
2017-11-01,157.72000122070312,158.6199951171875,156.72999572753906,157.3800048828125,139.82066345214844,567400
2017-11-02,157.66000366210938,160.5800018310547,157.66000366210938,160.55999755859375,142.64578247070312,1225600
2017-11-03,159.5500030517578,160.69000244140625,159.11000061035156,159.58999633789062,142.52076721191406,755400
2017-11-06,159.27999877929688,161.27000427246094,159.27999877929688,160.64999389648438,143.46742248535156,596000
2017-11-07,160.75,161.97999572753906,158.7899932861328,159.22999572753906,142.1992950439453,675700
2017-11-08,158.9199981689453,160.10000610351562,158.3800048828125,159.99000549316406,142.8780059814453,511900
2017-11-09,158.91000366210938,160.25,157.57000732421875,159.0500030517578,142.03858947753906,662900
2017-11-10,158.92999267578125,159.64999389648438,157.08999633789062,157.22000122070312,140.404296875,580100
2017-11-13,156.0500030517578,157.77000427246094,155.52999877929688,157.32000732421875,140.4936065673828,580500
2017-11-14,156.17999267578125,157.3300018310547,155.07000732421875,157.11000061035156,140.30599975585938,686300
2017-11-15,155.8800048828125,158.75,155.27000427246094,157.38999938964844,140.5561065673828,768600
2017-11-16,158.50999450683594,158.9199981689453,156.7100067138672,157.0800018310547,140.2792205810547,800800
2017-11-17,156.55999755859375,158.83999633789062,156.55999755859375,158.27999877929688,141.35089111328125,640400
2017-11-20,158.36000061035156,160.69000244140625,157.8000030517578,160.64999389648438,143.46742248535156,792700
2017-11-21,161.22000122070312,161.4499969482422,158.9600067138672,159.75999450683594,142.672607421875,529200
2017-11-22,159.9499969482422,160.88999938964844,158.9600067138672,159.5800018310547,142.51187133789062,438400
2017-11-24,160.39999389648438,160.39999389648438,159.05999755859375,159.55999755859375,142.49400329589844,181300
2017-11-27,159.97000122070312,161.25999450683594,159.02999877929688,159.25,142.21714782714844,1133700
2017-11-28,159.92999267578125,162.3699951171875,159.32000732421875,161.75,144.44981384277344,1335900
2017-11-29,162.99000549316406,166.0399932861328,162.91000366210938,163.55999755859375,146.06617736816406,950400
2017-11-30,164.30999755859375,166.13999938964844,162.97999572753906,163.22999572753906,145.771484375,1538600
2017-12-01,163.32000732421875,164.1300048828125,157.72999572753906,162.47000122070312,145.09274291992188,1098500
2017-12-04,165.05999755859375,166.99000549316406,164.92999267578125,165.5500030517578,147.84332275390625,1030100
2017-12-05,165.49000549316406,166.30999755859375,163.89999389648438,164.36000061035156,146.78060913085938,980000
2017-12-06,163.92999267578125,166.4600067138672,163.92999267578125,164.77000427246094,147.14674377441406,649500
2017-12-07,164.1699981689453,168.2899932861328,164.0,167.60000610351562,149.67408752441406,804000
2017-12-08,168.19000244140625,169.94000244140625,167.38999938964844,169.86000061035156,151.6923370361328,886200
2017-12-11,169.4499969482422,170.35000610351562,167.66000366210938,167.77999877929688,149.83477783203125,738000
2017-12-12,168.22999572753906,169.61000061035156,167.92999267578125,168.60000610351562,150.5670928955078,831900
2017-12-13,168.05999755859375,168.3699951171875,166.4199981689453,166.4199981689453,148.6203155517578,846600
2017-12-14,166.9199981689453,167.6199951171875,165.07000732421875,165.4499969482422,147.75401306152344,649200
2017-12-15,166.72999572753906,169.02999877929688,165.66000366210938,167.92999267578125,149.96876525878906,1335600
2017-12-18,169.49000549316406,171.08999633789062,169.10000610351562,170.02000427246094,151.83523559570312,882600
2017-12-19,171.0,171.9499969482422,170.17999267578125,171.3300018310547,153.00511169433594,863800
2017-12-20,173.02000427246094,173.6199951171875,170.6300048828125,171.10000610351562,152.7997283935547,768400
2017-12-21,171.64999389648438,173.22000122070312,171.33999633789062,171.6999969482422,153.3355255126953,824700
2017-12-22,172.6300048828125,172.6300048828125,170.41000366210938,171.50999450683594,153.1658477783203,426400
2017-12-26,171.8000030517578,172.50999450683594,170.9199981689453,171.10000610351562,152.7997283935547,415000
2017-12-27,171.42999267578125,171.47000122070312,170.6300048828125,170.94000244140625,152.65684509277344,539300
2017-12-28,171.16000366210938,171.86000061035156,170.75,171.61000061035156,153.2551727294922,443700
2017-12-29,171.75999450683594,172.4199981689453,169.39999389648438,169.47000122070312,151.34405517578125,619700
2018-01-02,170.63999938964844,170.72000122070312,168.85000610351562,169.91000366210938,151.73699951171875,812400
2018-01-03,169.9499969482422,170.19000244140625,168.6699981689453,169.07000732421875,150.98681640625,798700
2018-01-04,169.74000549316406,171.41000366210938,169.60000610351562,169.69000244140625,151.54051208496094,870200
2018-01-05,170.32000732421875,170.47999572753906,169.64999389648438,170.27000427246094,152.0584716796875,819200
2018-01-08,170.3800048828125,172.27000427246094,169.22999572753906,172.0,153.60342407226562,1006300
2018-01-09,172.97000122070312,176.1699981689453,172.88999938964844,174.0800018310547,155.4609832763672,1639400
2018-01-10,173.9199981689453,176.0800018310547,173.44000244140625,175.8300018310547,157.0238037109375,901900
2018-01-11,176.6199951171875,179.41000366210938,176.3300018310547,178.97999572753906,159.83689880371094,726800
2018-01-12,179.63999938964844,182.3699951171875,178.75,182.0399932861328,162.569580078125,1153200
2018-01-16,183.58999633789062,183.89999389648438,176.88999938964844,177.30999755859375,158.3455047607422,1618500
2018-01-17,177.47000122070312,179.27000427246094,175.66000366210938,178.47000122070312,159.38145446777344,1202400
2018-01-18,178.5,180.89999389648438,177.22999572753906,177.57000732421875,158.57769775390625,752500
2018-01-19,178.00999450683594,180.4199981689453,177.0399932861328,178.80999755859375,159.6851043701172,1246700
2018-01-22,178.89999389648438,179.2899932861328,176.80999755859375,177.94000244140625,158.90809631347656,1131800
2018-01-23,177.27000427246094,178.75999450683594,176.27000427246094,178.30999755859375,159.23855590820312,1142100
2018-01-24,179.2899932861328,180.52000427246094,177.22000122070312,180.30999755859375,161.024658203125,1537100
2018-01-25,179.41000366210938,180.33999633789062,172.41000366210938,173.1300048828125,154.61260986328125,1920100
2018-01-26,173.77000427246094,179.92999267578125,172.6999969482422,179.83999633789062,160.6049041748047,1487300
2018-01-29,179.5399932861328,180.99000549316406,177.0800018310547,177.4499969482422,158.4705352783203,887700
2018-01-30,175.99000549316406,176.8699951171875,171.83999633789062,172.00999450683594,153.61241149902344,1190600
2018-01-31,172.6699981689453,173.7899932861328,167.44000244140625,168.6999969482422,150.65643310546875,1458800
2018-02-01,168.61000061035156,171.1699981689453,168.22000122070312,171.0800018310547,152.78187561035156,1172500
2018-02-02,169.99000549316406,171.0500030517578,166.8000030517578,167.5,149.5847625732422,1095400
2018-02-05,165.77000427246094,167.6199951171875,159.8300018310547,160.38999938964844,143.23521423339844,1739300
2018-02-06,154.52000427246094,161.83999633789062,154.02999877929688,160.55999755859375,143.3870086669922,1900200
2018-02-07,159.3300018310547,164.33999633789062,159.0,160.11000061035156,142.9851837158203,1313200
2018-02-08,160.10000610351562,160.89999389648438,152.4499969482422,152.5,136.18911743164062,1608300
2018-02-09,154.77999877929688,155.63999938964844,148.6199951171875,153.8800048828125,137.42152404785156,1484600
2018-02-12,155.63999938964844,158.10000610351562,154.75,155.91000366210938,139.23435974121094,1079000
2018-02-13,154.77999877929688,157.47999572753906,153.6199951171875,156.6199951171875,139.8684539794922,1544600
2018-02-14,155.49000549316406,160.83999633789062,154.52999877929688,160.5500030517578,143.3781280517578,1068600
2018-02-15,161.58999633789062,161.75,157.41000366210938,159.0,142.7317657470703,909800
2018-02-16,158.14999389648438,160.8800048828125,158.0800018310547,159.80999755859375,143.45889282226562,769800
2018-02-20,158.57000732421875,160.9499969482422,157.64999389648438,158.75999450683594,142.51629638671875,771900
2018-02-21,159.0500030517578,163.8800048828125,158.49000549316406,159.3800048828125,143.07290649414062,988000
2018-02-22,160.6300048828125,161.17999267578125,157.72999572753906,158.00999450683594,141.8430633544922,784200
2018-02-23,158.88999938964844,160.41000366210938,158.50999450683594,160.27999877929688,143.8808135986328,771000
2018-02-26,161.27999877929688,162.6699981689453,160.4499969482422,162.32000732421875,145.7121124267578,662500
2018-02-27,162.24000549316406,163.85000610351562,159.7100067138672,159.77000427246094,143.42300415039062,1005400
2018-02-28,160.1199951171875,161.3800048828125,156.36000061035156,156.44000244140625,140.43374633789062,1211300
2018-03-01,156.3300018310547,157.19000244140625,152.33999633789062,153.66000366210938,137.93809509277344,1309400
2018-03-02,151.35000610351562,152.10000610351562,147.89999389648438,150.91000366210938,135.4695281982422,1661200
2018-03-05,149.55999755859375,156.05999755859375,148.0,155.6199951171875,139.69760131835938,1318200
2018-03-06,156.32000732421875,156.50999450683594,154.02000427246094,155.57000732421875,139.6527557373047,645900
2018-03-07,153.92999267578125,156.08999633789062,153.6699981689453,155.74000549316406,139.8053436279297,886100
2018-03-08,156.41000366210938,156.6999969482422,154.30999755859375,156.41000366210938,140.40676879882812,737300
2018-03-09,158.00999450683594,161.5800018310547,157.1199951171875,161.11000061035156,144.62591552734375,815900
2018-03-12,160.89999389648438,161.16000366210938,159.38999938964844,159.8800048828125,143.52174377441406,682300
2018-03-13,160.83999633789062,161.52000427246094,158.35000610351562,158.91000366210938,142.6510009765625,1175000
2018-03-14,159.99000549316406,159.99000549316406,156.5800018310547,157.00999450683594,140.9453887939453,559900
2018-03-15,157.32000732421875,157.58999633789062,155.0399932861328,155.38999938964844,139.49114990234375,815700
2018-03-16,155.5500030517578,158.61000061035156,155.19000244140625,157.10000610351562,141.0261993408203,1525900
2018-03-19,156.7899932861328,157.69000244140625,154.8300018310547,156.0399932861328,140.0746612548828,582000
2018-03-20,156.91000366210938,158.0,156.52999877929688,157.13999938964844,141.0620880126953,912900
2018-03-21,157.2899932861328,159.9499969482422,154.91000366210938,157.86000061035156,141.7083740234375,699000
2018-03-22,155.8000030517578,156.47999572753906,150.89999389648438,151.05999755859375,135.6041717529297,1123600
2018-03-23,151.17999267578125,151.3800048828125,144.5500030517578,144.88999938964844,130.06544494628906,1063500
2018-03-26,147.77000427246094,149.9499969482422,146.5,149.5500030517578,134.24867248535156,1242500
2018-03-27,150.00999450683594,151.5399932861328,146.14999389648438,147.30999755859375,132.23785400390625,950500
2018-03-28,147.7899932861328,148.27999877929688,145.0,146.9600067138672,131.92367553710938,1268100
2018-03-29,147.5800018310547,149.6999969482422,147.11000061035156,147.94000244140625,132.8033447265625,1074500
2018-04-02,147.58999633789062,148.3300018310547,140.10000610351562,142.6699981689453,128.07257080078125,1248100
2018-04-03,143.75999450683594,145.05999755859375,142.11000061035156,144.6999969482422,129.89486694335938,1157500
2018-04-04,141.64999389648438,146.07000732421875,141.64999389648438,145.6999969482422,130.79258728027344,918000
2018-04-05,146.63999938964844,146.9499969482422,145.17999267578125,145.97000122070312,131.0349578857422,1026100
2018-04-06,143.72000122070312,144.72000122070312,140.19000244140625,141.30999755859375,126.85175323486328,763100
2018-04-09,142.32000732421875,144.72999572753906,141.25,141.3800048828125,126.91461944580078,608000
2018-04-10,143.3699951171875,145.16000366210938,143.17999267578125,144.2899932861328,129.52684020996094,707900
2018-04-11,142.77999877929688,142.77999877929688,140.74000549316406,141.3699951171875,126.9056167602539,640600
2018-04-12,142.1999969482422,144.47999572753906,141.9199981689453,143.52999877929688,128.84458923339844,868200
2018-04-13,144.86000061035156,145.02999877929688,141.02000427246094,141.6300048828125,127.13899230957031,715900
2018-04-16,143.0500030517578,145.2100067138672,141.66000366210938,143.58999633789062,128.89846801757812,980000
2018-04-17,144.89999389648438,146.38999938964844,143.72000122070312,144.07000732421875,129.32936096191406,1578800
2018-04-18,144.39999389648438,146.32000732421875,144.3800048828125,144.6199951171875,129.82305908203125,893100
2018-04-19,144.7100067138672,146.82000732421875,144.7100067138672,145.5800018310547,130.6848602294922,1240200
2018-04-20,146.0,146.1199951171875,143.32000732421875,143.69000244140625,128.98828125,1387900
2018-04-23,144.10000610351562,147.47000122070312,143.6999969482422,145.49000549316406,130.60406494140625,1332300
2018-04-24,149.00999450683594,152.57000732421875,141.36000061035156,142.66000366210938,128.06362915039062,1852300
2018-04-25,141.7100067138672,143.0,140.11000061035156,141.44000244140625,126.96843719482422,1227500
2018-04-26,141.66000366210938,143.5500030517578,140.19000244140625,142.17999267578125,127.63273620605469,1473000
2018-04-27,142.05999755859375,143.3800048828125,141.49000549316406,141.74000549316406,127.23775482177734,858700
2018-04-30,142.10000610351562,143.5,140.19000244140625,140.2100067138672,125.86429595947266,835400
2018-05-01,140.0500030517578,140.9199981689453,138.14999389648438,139.0500030517578,124.8229751586914,1153000
2018-05-02,137.57000732421875,138.50999450683594,132.58999633789062,132.99000549316406,119.38300323486328,2192900
2018-05-03,132.3800048828125,133.63999938964844,129.8699951171875,131.49000549316406,118.0364990234375,1589700
2018-05-04,130.57000732421875,135.5500030517578,130.57000732421875,134.57000732421875,121.63390350341797,1126200
2018-05-07,134.8300018310547,135.52999877929688,133.11000061035156,134.10000610351562,121.2090835571289,1437400
2018-05-08,133.77000427246094,135.1699981689453,133.0399932861328,134.30999755859375,121.39887237548828,1639800
2018-05-09,135.14999389648438,135.25999450683594,133.66000366210938,134.24000549316406,121.33560943603516,1410700
2018-05-10,134.2100067138672,136.63999938964844,133.74000549316406,135.50999450683594,122.48351287841797,1064100
2018-05-11,136.25,138.8800048828125,136.25,137.07000732421875,123.89356994628906,943800
2018-05-14,137.61000061035156,139.72000122070312,137.60000610351562,138.9600067138672,125.60188293457031,1512500
2018-05-15,138.27000427246094,139.32000732421875,137.72000122070312,138.16000366210938,124.87879180908203,1226600
2018-05-16,138.05999755859375,140.8800048828125,138.05999755859375,139.91000366210938,126.46057891845703,1006700
2018-05-17,139.6699981689453,142.19000244140625,139.14999389648438,141.4499969482422,127.85250091552734,1382500
2018-05-18,141.35000610351562,141.6999969482422,140.3000030517578,141.00999450683594,127.45482635498047,1026900
2018-05-21,142.14999389648438,143.69000244140625,142.08999633789062,142.49000549316406,128.79257202148438,991900
2018-05-22,142.75,145.2100067138672,142.61000061035156,144.24000549316406,130.3743133544922,1039400
2018-05-23,142.99000549316406,143.44000244140625,140.2100067138672,142.1699981689453,128.50331115722656,982900
2018-05-24,141.50999450683594,143.00999450683594,140.55999755859375,142.6199951171875,128.9100799560547,780300
2018-05-25,141.82000732421875,143.1699981689453,141.4600067138672,142.22999572753906,128.5575408935547,960500
2018-05-29,140.10000610351562,140.27999877929688,135.4199981689453,136.27000427246094,123.17047882080078,976300
2018-05-30,138.0,140.2100067138672,137.55999755859375,139.50999450683594,126.09905242919922,978000
2018-05-31,140.2100067138672,140.2100067138672,138.0500030517578,138.6300048828125,125.30360412597656,1894000
2018-06-01,140.97000122070312,141.52000427246094,139.6699981689453,140.25,126.76789093017578,979500
2018-06-04,140.91000366210938,141.30999755859375,139.58999633789062,140.3000030517578,126.81309509277344,813900
2018-06-05,139.8699951171875,140.49000549316406,137.85000610351562,139.66000366210938,126.23461151123047,1116200
2018-06-06,140.30999755859375,142.3800048828125,140.02999877929688,142.0,128.34963989257812,1054600
2018-06-07,142.00999450683594,143.74000549316406,141.10000610351562,142.07000732421875,128.41294860839844,854100
2018-06-08,141.97999572753906,142.85000610351562,141.33999633789062,142.6300048828125,128.91909790039062,559600
2018-06-11,145.57000732421875,150.99000549316406,145.3000030517578,147.4600067138672,133.2847900390625,1780700
2018-06-12,147.4600067138672,147.61000061035156,146.24000549316406,146.8699951171875,132.7515106201172,1167700
2018-06-13,146.92999267578125,147.47000122070312,146.02999877929688,146.16000366210938,132.10975646972656,756100
2018-06-14,147.0399932861328,148.3000030517578,145.8300018310547,147.64999389648438,133.45654296875,874800
2018-06-15,147.1199951171875,147.9600067138672,144.8000030517578,147.3300018310547,133.1672821044922,1427000
2018-06-18,146.6199951171875,149.16000366210938,144.89999389648438,148.75,134.45077514648438,1472200
2018-06-19,146.60000610351562,148.9199981689453,145.64999389648438,148.3000030517578,134.04403686523438,1112700
2018-06-20,148.49000549316406,149.0,146.6699981689453,146.9499969482422,132.82382202148438,991200
2018-06-21,146.74000549316406,147.75,145.99000549316406,146.4499969482422,132.3718719482422,786500
2018-06-22,148.0,148.82000732421875,146.36000061035156,146.36000061035156,132.2905731201172,2649300
2018-06-25,145.7100067138672,145.8000030517578,143.14999389648438,144.77000427246094,130.85337829589844,1004000
2018-06-26,144.35000610351562,145.0,141.44000244140625,141.72999572753906,128.1055908203125,1161800
2018-06-27,141.75999450683594,142.4600067138672,138.27999877929688,138.36000061035156,125.0595932006836,906800
2018-06-28,138.3000030517578,139.24000549316406,136.80999755859375,138.49000549316406,125.17704772949219,1028000
2018-06-29,139.52000427246094,143.00999450683594,139.3800048828125,139.8800048828125,126.43347930908203,1301300
2018-07-02,138.6199951171875,141.17999267578125,138.19000244140625,140.8699951171875,127.32825469970703,721400
2018-07-03,141.4499969482422,141.97999572753906,138.97999572753906,139.24000549316406,125.85497283935547,337400
2018-07-05,140.63999938964844,141.5399932861328,139.92999267578125,140.97000122070312,127.41868591308594,996700
2018-07-06,140.44000244140625,142.41000366210938,139.8699951171875,141.67999267578125,128.06040954589844,988600
2018-07-09,142.52999877929688,146.11000061035156,141.74000549316406,145.75999450683594,131.74818420410156,1217600
2018-07-10,146.0,146.3699951171875,144.0399932861328,144.8300018310547,130.90762329101562,799200
2018-07-11,138.1999969482422,144.0500030517578,138.1999969482422,142.88999938964844,129.1540985107422,794900
2018-07-12,144.1300048828125,144.22999572753906,141.10000610351562,142.27000427246094,128.5937042236328,755700
2018-07-13,142.14999389648438,143.67999267578125,141.75999450683594,142.00999450683594,128.35870361328125,845100
2018-07-16,142.33999633789062,142.7899932861328,141.44000244140625,142.24000549316406,128.56658935546875,906200
2018-07-17,142.1999969482422,143.80999755859375,141.36000061035156,142.9600067138672,129.21739196777344,845500
2018-07-18,142.80999755859375,145.58999633789062,142.74000549316406,145.2100067138672,131.25108337402344,1039800
2018-07-19,144.47999572753906,144.97999572753906,141.1300048828125,141.27000427246094,127.68985748291016,897900
2018-07-20,140.77999877929688,141.0399932861328,139.33999633789062,139.52999877929688,126.11711120605469,1587900
2018-07-23,139.33999633789062,143.1699981689453,139.33999633789062,143.02000427246094,129.27159118652344,1055700
2018-07-24,144.2899932861328,144.2899932861328,142.02999877929688,142.4600067138672,128.76547241210938,1132700
2018-07-25,144.47000122070312,149.25,142.52000427246094,145.25,131.28724670410156,1785400
2018-07-26,146.25,149.14999389648438,146.25,148.42999267578125,134.16156005859375,1400200
2018-07-27,148.44000244140625,150.6699981689453,148.14999389648438,148.75,134.45077514648438,828800
2018-07-30,148.97000122070312,150.0,146.74000549316406,146.97000122070312,132.84188842773438,655700
2018-07-31,147.80999755859375,147.86000061035156,145.11000061035156,145.6699981689453,131.66685485839844,904700
2018-08-01,146.24000549316406,147.02000427246094,142.55999755859375,142.8800048828125,129.1450653076172,1325600
2018-08-02,141.4499969482422,142.0500030517578,138.9199981689453,140.22999572753906,126.74981689453125,1121900
2018-08-03,139.64999389648438,141.3800048828125,139.47000122070312,140.86000061035156,128.14166259765625,798100
2018-08-06,140.75,141.42999267578125,139.4499969482422,140.4499969482422,127.7686767578125,629200
2018-08-07,140.75999450683594,143.2899932861328,140.08999633789062,140.77000427246094,128.05979919433594,866800
2018-08-08,140.66000366210938,141.83999633789062,140.25999450683594,141.4600067138672,128.68748474121094,1115900
2018-08-09,141.3699951171875,141.74000549316406,139.52999877929688,139.66000366210938,127.05001068115234,602700
2018-08-10,137.77000427246094,137.94000244140625,134.1699981689453,137.1199951171875,124.73934936523438,1150100
2018-08-13,137.24000549316406,137.82000732421875,136.1699981689453,136.27000427246094,123.96611022949219,753700
2018-08-14,136.5399932861328,138.97000122070312,136.5399932861328,138.66000366210938,126.14030456542969,666100
2018-08-15,137.27000427246094,138.07000732421875,136.49000549316406,137.25999450683594,124.86672973632812,751500
2018-08-16,138.35000610351562,139.5500030517578,138.1199951171875,138.7100067138672,126.18577575683594,563500
2018-08-17,138.44000244140625,139.77000427246094,137.8000030517578,139.47000122070312,126.877197265625,737700
2018-08-20,139.33999633789062,141.55999755859375,139.3300018310547,141.17999267578125,128.43275451660156,702400
2018-08-21,140.49000549316406,142.8000030517578,140.11000061035156,141.8800048828125,129.06956481933594,753600
2018-08-22,141.86000061035156,142.3800048828125,140.9199981689453,140.9600067138672,128.232666015625,560700
2018-08-23,141.02999877929688,141.2899932861328,138.7100067138672,138.99000549316406,126.44052124023438,423000
2018-08-24,139.58999633789062,141.58999633789062,139.49000549316406,141.25,128.49644470214844,696200
2018-08-27,142.41000366210938,144.80999755859375,142.3300018310547,144.1999969482422,131.1800994873047,753000
2018-08-28,144.5,145.38999938964844,143.50999450683594,144.00999450683594,131.0072479248047,617900
2018-08-29,144.2100067138672,144.60000610351562,142.66000366210938,143.80999755859375,130.8253173828125,560800
2018-08-30,143.22999572753906,143.61000061035156,141.91000366210938,142.02999877929688,129.20603942871094,583800
2018-08-31,141.49000549316406,142.47000122070312,140.97000122070312,141.9600067138672,129.1423797607422,645800
2018-09-04,141.67999267578125,143.1699981689453,140.97000122070312,143.1199951171875,130.19761657714844,851900
2018-09-05,142.97999572753906,145.3800048828125,142.97999572753906,143.9199981689453,130.92535400390625,626500
2018-09-06,143.92999267578125,144.47999572753906,142.2899932861328,143.19000244140625,130.26129150390625,647500
2018-09-07,143.1199951171875,144.19000244140625,141.60000610351562,142.47999572753906,129.61538696289062,852200
2018-09-10,143.44000244140625,143.99000549316406,142.2899932861328,143.1699981689453,130.24307250976562,592400
2018-09-11,142.24000549316406,143.25999450683594,141.0500030517578,142.72999572753906,129.84283447265625,685900
2018-09-12,142.50999450683594,142.57000732421875,140.94000244140625,141.41000366210938,128.6419677734375,640100
2018-09-13,142.2100067138672,143.97000122070312,142.11000061035156,143.3699951171875,130.4250030517578,536300
2018-09-14,143.5500030517578,147.52000427246094,143.5500030517578,147.47000122070312,134.1548614501953,840900
2018-09-17,147.3800048828125,147.3800048828125,143.83999633789062,144.0800018310547,131.07093811035156,844600
2018-09-18,144.3800048828125,146.3300018310547,143.72999572753906,146.00999450683594,132.82666015625,782400
2018-09-19,146.25,149.24000549316406,146.11000061035156,148.42999267578125,135.02818298339844,806000
2018-09-20,149.9199981689453,151.00999450683594,148.75,149.4199981689453,135.92880249023438,793300
2018-09-21,149.4499969482422,150.14999389648438,149.08999633789062,149.99000549316406,136.44732666015625,1319300
2018-09-24,149.57000732421875,149.92999267578125,148.1699981689453,148.72000122070312,135.29196166992188,690900
2018-09-25,148.8800048828125,149.63999938964844,147.6199951171875,148.0399932861328,134.67337036132812,622200
2018-09-26,148.22999572753906,149.17999267578125,146.3699951171875,146.64999389648438,133.40884399414062,678600
2018-09-27,147.27999877929688,149.9600067138672,146.25,148.99000549316406,135.53759765625,807500
2018-09-28,147.74000549316406,149.50999450683594,146.5399932861328,147.66000366210938,134.32769775390625,1317000
2018-10-01,149.22999572753906,150.52000427246094,148.25999450683594,148.8300018310547,135.3920440673828,790400
2018-10-02,148.92999267578125,149.83999633789062,147.02000427246094,148.75,135.31924438476562,708600
2018-10-03,149.61000061035156,152.08999633789062,149.16000366210938,150.49000549316406,136.90219116210938,920300
2018-10-04,150.35000610351562,152.19000244140625,150.3000030517578,151.97000122070312,138.24855041503906,912400
2018-10-05,152.1999969482422,153.14999389648438,149.24000549316406,149.75,136.22898864746094,683000
2018-10-08,149.0,151.33999633789062,147.75999450683594,151.02000427246094,137.38430786132812,492600
2018-10-09,150.30999755859375,150.3699951171875,147.61000061035156,149.02000427246094,135.56495666503906,772700
2018-10-10,149.0,149.19000244140625,143.44000244140625,143.5399932861328,130.57968139648438,935200
2018-10-11,142.4499969482422,143.75,135.1300048828125,135.3800048828125,123.15648651123047,1466100
2018-10-12,137.3300018310547,138.2899932861328,132.44000244140625,135.77999877929688,123.52034759521484,1213900
2018-10-15,135.30999755859375,137.47000122070312,134.64999389648438,135.74000549316406,123.4839859008789,685700
2018-10-16,136.61000061035156,137.75,135.0,137.00999450683594,124.63929748535156,1012400
2018-10-17,137.08999633789062,139.27000427246094,135.9199981689453,138.3699951171875,125.87646484375,952400
2018-10-18,137.99000549316406,138.10000610351562,133.25999450683594,134.0,121.90106964111328,1039800
2018-10-19,134.25999450683594,136.66000366210938,133.1999969482422,135.86000061035156,123.59310150146484,987200
2018-10-22,136.0800018310547,136.69000244140625,132.91000366210938,133.1699981689453,121.1459732055664,1082700
2018-10-23,130.47999572753906,133.3699951171875,129.4600067138672,132.30999755859375,120.36365509033203,1502100
2018-10-24,130.16000366210938,131.32000732421875,121.97000122070312,122.58999633789062,111.52127075195312,2534600
2018-10-25,124.13999938964844,127.02999877929688,122.91000366210938,126.19000244140625,114.79623413085938,1345400
2018-10-26,123.5,124.48999786376953,120.79000091552734,122.0,110.98453521728516,1971500
2018-10-29,124.22000122070312,126.62000274658203,121.33000183105469,123.08999633789062,111.97612762451172,1208100
2018-10-30,124.02999877929688,126.77999877929688,123.26000213623047,126.5999984741211,115.16921997070312,914000
2018-10-31,128.5399932861328,130.5,127.12999725341797,127.23999786376953,115.75142669677734,1303500
2018-11-01,128.16000366210938,129.8300018310547,126.83000183105469,129.82000732421875,118.09847259521484,967800
2018-11-02,130.47999572753906,131.24000549316406,125.80000305175781,126.44999694824219,115.83580017089844,939200
2018-11-05,126.76000213623047,128.4499969482422,125.91999816894531,126.80999755859375,116.16557312011719,1315400
2018-11-06,126.36000061035156,128.10000610351562,125.91000366210938,127.55000305175781,116.84346008300781,823700
2018-11-07,128.83999633789062,129.6699981689453,126.56999969482422,129.57000732421875,118.69391632080078,1168200
2018-11-08,128.74000549316406,131.36000061035156,128.74000549316406,129.8000030517578,118.90460968017578,869100
2018-11-09,128.72999572753906,129.64999389648438,126.80999755859375,127.66000366210938,116.94424438476562,814600
2018-11-12,127.16999816894531,127.69999694824219,124.7699966430664,125.05999755859375,114.5624771118164,707300
2018-11-13,125.4000015258789,128.32000732421875,125.11000061035156,126.4800033569336,115.86328887939453,968800
2018-11-14,127.41000366210938,128.17999267578125,123.41000366210938,124.87000274658203,114.38843536376953,1124000
2018-11-15,123.36000061035156,126.66999816894531,122.63999938964844,126.66000366210938,116.02818298339844,940400
2018-11-16,125.91000366210938,126.81999969482422,124.91000366210938,126.52999877929688,115.90909576416016,968400
2018-11-19,126.01000213623047,126.97000122070312,124.9000015258789,125.95999908447266,115.38692474365234,649300
2018-11-20,124.77999877929688,124.77999877929688,121.43000030517578,122.20999908447266,111.95170593261719,815900
2018-11-21,122.55000305175781,125.68000030517578,121.9000015258789,123.63999938964844,113.26168060302734,665300
2018-11-23,122.19999694824219,125.18000030517578,122.18000030517578,123.61000061035156,113.23419952392578,315500
2018-11-26,124.29000091552734,128.22999572753906,124.29000091552734,127.97000122070312,117.22821044921875,1292000
2018-11-27,126.95999908447266,128.33999633789062,125.37000274658203,126.18000030517578,115.58847045898438,893100
2018-11-28,126.44000244140625,132.47999572753906,125.8499984741211,132.33999633789062,121.23139190673828,1349900
2018-11-29,130.9199981689453,132.3000030517578,127.41000366210938,127.58000183105469,116.87093353271484,1154400
2018-11-30,127.4800033569336,130.41000366210938,127.31999969482422,129.75,118.85881042480469,1252700
2018-12-03,132.27999877929688,133.27000427246094,129.88999938964844,130.9600067138672,119.96723175048828,972300
2018-12-04,130.24000549316406,130.24000549316406,121.05000305175781,121.43000030517578,111.2371826171875,1461300
2018-12-06,118.30000305175781,119.37999725341797,113.20999908447266,119.33000183105469,109.31346130371094,2109600
2018-12-07,119.3499984741211,122.04000091552734,115.43000030517578,115.81999969482422,106.09809875488281,1127900
2018-12-10,115.58000183105469,115.94999694824219,110.37999725341797,112.45999908447266,103.0201187133789,1494100
2018-12-11,114.62999725341797,115.4000015258789,110.9000015258789,111.62000274658203,102.2506332397461,1355600
2018-12-12,113.95999908447266,115.8499984741211,112.4000015258789,112.70999908447266,103.24913787841797,1191600
2018-12-13,113.12999725341797,113.58000183105469,110.94999694824219,112.16999816894531,102.75446319580078,1238000
2018-12-14,111.04000091552734,112.79000091552734,109.87000274658203,110.19000244140625,100.94065856933594,1171000
2018-12-17,109.62000274658203,111.77999877929688,107.87000274658203,108.66000366210938,99.53909301757812,1083400
2018-12-18,109.30999755859375,110.9800033569336,107.61000061035156,108.4000015258789,99.3009262084961,1186200
2018-12-19,108.36000061035156,109.83000183105469,104.7300033569336,105.47000122070312,96.61685943603516,1367400
2018-12-20,104.83000183105469,106.91999816894531,103.44999694824219,104.37999725341797,95.61836242675781,1514300
2018-12-21,104.04000091552734,105.76000213623047,100.12000274658203,100.30999755859375,91.88999938964844,2580700
2018-12-24,99.93000030517578,100.54000091552734,97.5199966430664,97.58000183105469,89.38915252685547,1053700
2018-12-26,98.19000244140625,102.7699966430664,95.69000244140625,102.69999694824219,94.0793685913086,1185800
2018-12-27,100.45999908447266,104.08999633789062,99.66999816894531,104.08000183105469,95.34353637695312,1081300
2018-12-28,104.37999725341797,104.88999938964844,102.41000366210938,103.1500015258789,94.4916000366211,967000
2018-12-31,103.62000274658203,104.8499984741211,102.66000366210938,104.37000274658203,95.60918426513672,826200
2019-01-02,103.44000244140625,108.77999877929688,102.79000091552734,107.95999908447266,98.89787292480469,1603500
2019-01-03,106.87999725341797,107.55000305175781,104.87000274658203,105.0999984741211,96.27790069580078,1065300
2019-01-04,107.8499984741211,111.19999694824219,107.63999938964844,110.7300033569336,101.43534851074219,1031100
2019-01-07,110.0,112.33999633789062,108.7699966430664,111.23999786376953,101.90252685546875,944200
2019-01-08,112.83000183105469,112.83999633789062,109.54000091552734,111.94000244140625,102.54378509521484,806800
2019-01-09,112.48999786376953,113.7300033569336,111.1500015258789,113.0999984741211,103.60639953613281,808000
2019-01-10,112.08999633789062,114.04000091552734,111.79000091552734,113.44000244140625,103.9178695678711,747900
2019-01-11,112.25,114.0,110.5999984741211,113.44000244140625,103.9178695678711,728600
2019-01-14,111.83000183105469,114.98999786376953,111.51000213623047,114.04000091552734,104.46749877929688,1076000
2019-01-15,113.6500015258789,115.25,112.52999877929688,115.18000030517578,105.51180267333984,671600
2019-01-16,116.4000015258789,119.26000213623047,115.63999938964844,118.26000213623047,108.3332748413086,1044000
2019-01-17,117.06999969482422,119.55000305175781,115.55999755859375,118.58999633789062,108.63556671142578,872500
2019-01-18,120.25,121.9800033569336,118.73999786376953,121.11000061035156,110.94405364990234,928100
2019-01-22,119.88999938964844,120.19999694824219,118.37999725341797,119.27999877929688,109.26763153076172,1198600
2019-01-23,120.05999755859375,120.37999725341797,117.16999816894531,118.80999755859375,108.83710479736328,588700
2019-01-24,118.36000061035156,120.91999816894531,118.30000305175781,119.77999877929688,109.72569274902344,882900
2019-01-25,121.41000366210938,122.25,120.77999877929688,121.12000274658203,110.95320129394531,793400
2019-01-28,120.4000015258789,121.87000274658203,119.77999877929688,121.79000091552734,111.56694793701172,1042000
2019-01-29,121.5999984741211,122.48999786376953,120.83000183105469,121.37999725341797,111.19139099121094,786200
2019-01-30,121.7300033569336,121.7300033569336,117.08999633789062,120.18000030517578,110.09210205078125,1553200
2019-01-31,121.55000305175781,127.16999816894531,121.55000305175781,126.5999984741211,115.97322082519531,1985000
2019-02-01,127.23999786376953,128.00999450683594,126.08999633789062,126.88999938964844,116.2388687133789,1689200
2019-02-04,127.05999755859375,127.58999633789062,126.5999984741211,127.08999633789062,116.42208099365234,896000
2019-02-05,127.16000366210938,127.38999938964844,124.69999694824219,125.66999816894531,115.12129974365234,938600
2019-02-06,124.68000030517578,127.58000183105469,124.68000030517578,126.69000244140625,116.05567169189453,872300
2019-02-07,125.91999816894531,127.08000183105469,122.83999633789062,125.22000122070312,114.70905303955078,852100
2019-02-08,124.12000274658203,125.61000061035156,122.0199966430664,125.56999969482422,115.0296630859375,1167500
2019-02-11,126.11000061035156,126.87999725341797,124.93000030517578,125.94999694824219,115.37777709960938,974700
2019-02-12,127.23999786376953,129.85000610351562,127.23999786376953,128.8300018310547,118.01602935791016,1169600
2019-02-13,129.69000244140625,131.19000244140625,128.77999877929688,129.8000030517578,118.90460968017578,790300
2019-02-14,127.9000015258789,128.3800048828125,125.81999969482422,127.16000366210938,117.29954528808594,837300
2019-02-15,128.44000244140625,130.69000244140625,128.05999755859375,130.67999267578125,120.54658508300781,706100
2019-02-19,129.55999755859375,132.49000549316406,128.19000244140625,131.9600067138672,121.72732543945312,909200
2019-02-20,131.66000366210938,133.02999877929688,131.13999938964844,132.88999938964844,122.58522033691406,941900
2019-02-21,133.24000549316406,133.24000549316406,130.92999267578125,131.69000244140625,121.478271484375,736300
2019-02-22,132.35000610351562,135.0500030517578,131.72000122070312,134.88999938964844,124.43009948730469,1004500
2019-02-25,135.58999633789062,136.00999450683594,131.82000732421875,131.94000244140625,121.7088623046875,1423000
2019-02-26,130.7899932861328,132.97999572753906,130.10000610351562,131.0,120.84178924560547,783100
2019-02-27,130.77000427246094,132.4199981689453,130.3300018310547,131.8699951171875,121.64429473876953,843600
2019-02-28,131.91000366210938,132.35000610351562,130.94000244140625,131.6300048828125,121.42290496826172,976000
2019-03-01,133.1199951171875,134.3699951171875,130.88999938964844,132.17999267578125,121.93025207519531,927000
2019-03-04,132.8000030517578,133.9600067138672,129.4199981689453,130.58999633789062,120.46355438232422,767400
2019-03-05,130.66000366210938,130.7100067138672,128.6999969482422,130.1300048828125,120.03922271728516,863300
2019-03-06,130.5399932861328,130.75999450683594,127.6500015258789,127.86000061035156,117.94526672363281,605300
2019-03-07,127.1500015258789,127.1500015258789,123.7300033569336,124.91000366210938,115.2240219116211,812300
2019-03-08,123.48999786376953,124.44000244140625,122.66000366210938,124.3499984741211,114.70743560791016,997700
2019-03-11,124.76000213623047,125.37999725341797,124.01000213623047,124.36000061035156,114.7166519165039,1228300
2019-03-12,124.48999786376953,125.63999938964844,123.87000274658203,124.61000061035156,114.94725799560547,1099900
2019-03-13,125.61000061035156,125.73999786376953,124.2699966430664,124.86000061035156,115.17788696289062,1172400
2019-03-14,124.91999816894531,125.54000091552734,124.5999984741211,125.06999969482422,115.37161254882812,1294100
2019-03-15,125.38999938964844,129.07000732421875,124.95999908447266,129.0500030517578,119.04296875,2875000
2019-03-18,129.72999572753906,131.4499969482422,129.4199981689453,130.36000061035156,120.25138092041016,1241500
2019-03-19,131.27000427246094,131.86000061035156,128.52000427246094,128.8699951171875,118.87692260742188,763300
2019-03-20,128.52000427246094,131.63999938964844,127.91999816894531,129.1300048828125,119.11678314208984,1394300
2019-03-21,128.25999450683594,130.17999267578125,127.12000274658203,129.5500030517578,119.50419616699219,1071600
2019-03-22,128.24000549316406,128.42999267578125,123.06999969482422,124.12999725341797,114.50448608398438,1237300
2019-03-25,124.0,125.55999755859375,122.76000213623047,123.80000305175781,114.20008087158203,744400
2019-03-26,125.52999877929688,126.31999969482422,124.41000366210938,125.87000274658203,116.10956573486328,666700
2019-03-27,125.87000274658203,126.83000183105469,124.79000091552734,125.58999633789062,115.85127258300781,828800
2019-03-28,125.98999786376953,127.33000183105469,125.41000366210938,126.98999786376953,117.14271545410156,903400
2019-03-29,128.4499969482422,129.4499969482422,127.72000122070312,128.10000610351562,118.1666488647461,846700
2019-04-01,129.58999633789062,132.88999938964844,129.5800018310547,132.67999267578125,122.39148712158203,961900
2019-04-02,136.5,138.0800018310547,135.19000244140625,136.1199951171875,125.56473541259766,1578200
2019-04-03,137.6300048828125,138.49000549316406,135.8800048828125,136.55999755859375,125.97062683105469,833400
2019-04-04,136.5800018310547,138.27000427246094,136.5800018310547,137.27999877929688,126.6347885131836,440600
2019-04-05,137.97999572753906,138.6699981689453,137.10000610351562,137.94000244140625,127.24362182617188,662400
2019-04-08,137.64999389648438,138.58999633789062,136.83999633789062,138.5399932861328,127.79708862304688,500000
2019-04-09,137.9199981689453,138.0500030517578,135.82000732421875,136.47000122070312,125.88761138916016,584500
2019-04-10,136.9499969482422,138.9199981689453,136.2899932861328,138.5399932861328,127.79708862304688,544300
2019-04-11,139.16000366210938,140.7100067138672,138.94000244140625,139.64999389648438,128.82102966308594,512800
2019-04-12,141.91000366210938,144.08999633789062,141.0500030517578,142.5399932861328,131.48690795898438,885400
2019-04-15,142.32000732421875,143.08999633789062,140.69000244140625,141.27000427246094,130.31539916992188,692800
2019-04-16,141.77000427246094,144.0800018310547,141.6199951171875,144.07000732421875,132.89828491210938,719000
2019-04-17,144.4499969482422,144.75999450683594,142.4499969482422,143.25,132.14186096191406,681900
2019-04-18,142.9499969482422,143.91000366210938,141.8000030517578,143.27000427246094,132.1602783203125,1019900
2019-04-22,143.4199981689453,143.6199951171875,142.3800048828125,143.11000061035156,132.01272583007812,479300
2019-04-23,143.30999755859375,145.77000427246094,142.32000732421875,144.85000610351562,133.61781311035156,845000
2019-04-24,144.1300048828125,145.14999389648438,143.92999267578125,144.0,132.83367919921875,1126600
2019-04-25,143.49000549316406,146.77000427246094,143.49000549316406,145.05999755859375,133.81149291992188,1197100
2019-04-26,145.41000366210938,146.77999877929688,144.3800048828125,146.6300048828125,135.25975036621094,812700
2019-04-29,147.32000732421875,148.8300018310547,146.4499969482422,147.72000122070312,136.26522827148438,612000
2019-04-30,148.11000061035156,148.22999572753906,144.97000122070312,146.77000427246094,135.38890075683594,1423600
2019-05-01,146.88999938964844,148.24000549316406,146.13999938964844,146.60000610351562,135.23207092285156,1139700
2019-05-02,146.14999389648438,148.14999389648438,145.1999969482422,147.3699951171875,135.94235229492188,942600
2019-05-03,146.9499969482422,149.24000549316406,146.9499969482422,147.85000610351562,137.28878784179688,701700
2019-05-06,145.47999572753906,147.89999389648438,144.33999633789062,147.27999877929688,136.75950622558594,574200
2019-05-07,145.74000549316406,145.75,142.85000610351562,144.27000427246094,133.9645233154297,801900
2019-05-08,143.60000610351562,144.8800048828125,142.5399932861328,143.02999877929688,132.81307983398438,782100
2019-05-09,140.75,142.99000549316406,140.24000549316406,142.8300018310547,132.62738037109375,761500
2019-05-10,141.92999267578125,145.02000427246094,140.49000549316406,144.55999755859375,134.23379516601562,855300
2019-05-13,143.99000549316406,144.30999755859375,139.24000549316406,139.3800048828125,129.42381286621094,1366300
2019-05-14,140.0,144.13999938964844,139.89999389648438,142.52000427246094,132.3395233154297,916800
2019-05-15,141.5500030517578,142.85000610351562,140.00999450683594,142.25,132.0887908935547,781200
2019-05-16,142.75,146.0500030517578,142.72000122070312,144.97000122070312,134.61451721191406,636500
2019-05-17,143.35000610351562,145.35000610351562,142.58999633789062,143.7899932861328,133.51876831054688,691000
2019-05-20,142.88999938964844,146.1699981689453,142.3000030517578,145.8800048828125,135.45953369140625,1024500
2019-05-21,146.7899932861328,148.88999938964844,146.7899932861328,148.39999389648438,137.79949951171875,1079300
2019-05-22,147.86000061035156,149.42999267578125,146.33999633789062,146.36000061035156,135.90525817871094,1034200
2019-05-23,144.88999938964844,145.1699981689453,143.47999572753906,144.36000061035156,134.048095703125,780900
2019-05-24,145.4199981689453,146.69000244140625,144.97000122070312,146.38999938964844,135.93312072753906,480100
2019-05-28,146.0399932861328,146.9499969482422,144.25,144.25,133.94593811035156,943900
2019-05-29,143.08999633789062,144.10000610351562,141.2899932861328,144.02999877929688,133.7416229248047,850200
2019-05-30,144.52000427246094,145.52999877929688,143.19000244140625,143.35000610351562,133.11024475097656,536900
2019-05-31,140.94000244140625,141.52000427246094,137.64999389648438,138.22999572753906,128.35595703125,1035400
2019-06-03,137.9600067138672,141.22999572753906,137.24000549316406,140.77999877929688,130.72381591796875,945100
2019-06-04,142.58999633789062,147.25,142.58999633789062,146.9199981689453,136.42523193359375,989500
2019-06-05,146.89999389648438,147.5,144.4499969482422,147.5,136.9638214111328,1003800
2019-06-06,147.7100067138672,150.02000427246094,147.25999450683594,149.75,139.05308532714844,729500
2019-06-07,149.85000610351562,150.99000549316406,149.4199981689453,149.8699951171875,139.16448974609375,629900
2019-06-10,151.8800048828125,152.32000732421875,150.74000549316406,151.25,140.4459228515625,948700
2019-06-11,152.38999938964844,153.0,151.07000732421875,151.9199981689453,141.0680694580078,748100
2019-06-12,151.4499969482422,151.5800018310547,148.99000549316406,150.38999938964844,139.64735412597656,669400
2019-06-13,150.08999633789062,151.9499969482422,149.82000732421875,151.5399932861328,140.7152099609375,414800
2019-06-14,152.02999877929688,153.91000366210938,150.52999877929688,153.52999877929688,142.56307983398438,681500
2019-06-17,152.97999572753906,153.3699951171875,147.52999877929688,147.7899932861328,137.2331085205078,1402300
2019-06-18,148.1999969482422,152.58999633789062,147.49000549316406,150.0399932861328,139.32237243652344,1027700
2019-06-19,150.38999938964844,151.0,147.83999633789062,148.08999633789062,137.51165771484375,800700
2019-06-20,149.5800018310547,149.97000122070312,145.82000732421875,149.2899932861328,138.62594604492188,1083700
2019-06-21,149.4499969482422,150.02000427246094,146.64999389648438,146.77000427246094,136.28594970703125,1360500
2019-06-24,146.6999969482422,149.0800018310547,146.05999755859375,147.72000122070312,137.16807556152344,742000
2019-06-25,147.60000610351562,147.7100067138672,143.24000549316406,143.6999969482422,133.4352264404297,1096100
2019-06-26,144.36000061035156,146.83999633789062,143.2899932861328,146.1199951171875,135.682373046875,1221700
2019-06-27,145.3300018310547,145.85000610351562,143.83999633789062,144.02999877929688,133.7416229248047,1209000
2019-06-28,145.82000732421875,146.92999267578125,144.6999969482422,145.16000366210938,134.7909698486328,1383500
2019-07-01,147.55999755859375,148.49000549316406,144.2899932861328,145.75,135.33880615234375,1591000
2019-07-02,145.50999450683594,146.7100067138672,145.00999450683594,146.02000427246094,135.5895233154297,947100
2019-07-03,147.14999389648438,148.25,146.42999267578125,147.82000732421875,137.26092529296875,633700
2019-07-05,148.30999755859375,150.1300048828125,147.52999877929688,150.1199951171875,139.39662170410156,724200
2019-07-08,148.86000061035156,150.00999450683594,148.08999633789062,148.94000244140625,138.30093383789062,841200
2019-07-09,147.60000610351562,150.5,147.32000732421875,150.1999969482422,139.47093200683594,748300
2019-07-10,150.49000549316406,151.64999389648438,147.99000549316406,148.32000732421875,137.72525024414062,523800
2019-07-11,149.13999938964844,150.61000061035156,147.5800018310547,150.4199981689453,139.6752166748047,573500
2019-07-12,150.47000122070312,151.3300018310547,149.77999877929688,151.13999938964844,140.34376525878906,403400
2019-07-15,151.94000244140625,151.94000244140625,149.6699981689453,150.2899932861328,139.55450439453125,512500
2019-07-16,150.67999267578125,151.63999938964844,149.97000122070312,150.88999938964844,140.1116485595703,635700
2019-07-17,150.3800048828125,150.75999450683594,148.07000732421875,148.47000122070312,137.864501953125,653300
2019-07-18,147.82000732421875,150.63999938964844,147.3800048828125,150.0800018310547,139.35948181152344,698000
2019-07-19,150.75999450683594,151.22999572753906,148.6300048828125,148.66000366210938,138.0409393310547,711300
2019-07-22,148.8000030517578,149.02999877929688,146.25999450683594,147.8300018310547,137.27023315429688,738400
2019-07-23,148.7100067138672,149.6199951171875,148.42999267578125,149.08999633789062,138.44020080566406,594800
2019-07-24,148.16000366210938,151.92999267578125,148.16000366210938,151.47000122070312,140.65023803710938,809700
2019-07-25,151.22999572753906,151.50999450683594,144.88999938964844,146.97000122070312,136.47166442871094,1549200
2019-07-26,147.67999267578125,150.3300018310547,146.22000122070312,149.92999267578125,139.22019958496094,1020300
2019-07-29,149.77999877929688,151.27999877929688,148.97999572753906,149.74000549316406,139.04379272460938,803000
2019-07-30,148.25999450683594,148.6999969482422,146.8800048828125,148.52999877929688,137.9202117919922,533500
2019-07-31,148.3800048828125,148.75999450683594,144.07000732421875,145.50999450683594,135.11590576171875,795800
2019-08-01,144.8699951171875,145.60000610351562,139.7899932861328,140.55999755859375,130.51950073242188,1042200
2019-08-02,139.38999938964844,139.52999877929688,135.1300048828125,135.3000030517578,126.50830841064453,1948100
2019-08-05,132.91000366210938,133.55999755859375,129.42999267578125,130.4499969482422,121.97342681884766,1728300
2019-08-06,132.55999755859375,133.64999389648438,130.22000122070312,133.27000427246094,124.61021423339844,1313300
2019-08-07,130.72000122070312,131.27000427246094,127.61000061035156,131.0500030517578,122.53446197509766,1395500
2019-08-08,131.8000030517578,135.0,131.67999267578125,134.94000244140625,126.17169952392578,1074500
2019-08-09,134.02000427246094,134.99000549316406,131.6999969482422,131.82000732421875,123.25443267822266,983200
2019-08-12,129.3000030517578,129.4499969482422,125.18000030517578,125.4800033569336,117.32640838623047,1636900
2019-08-13,125.18000030517578,129.7100067138672,125.1500015258789,128.72000122070312,120.35586547851562,2162700
2019-08-14,125.2300033569336,125.94999694824219,122.20999908447266,122.4000015258789,114.44651794433594,1534300
2019-08-15,123.5199966430664,124.5999984741211,121.56999969482422,122.75,114.77377319335938,1351100
2019-08-16,123.9800033569336,127.0,123.9800033569336,126.33999633789062,118.13050079345703,935700
2019-08-19,128.82000732421875,129.16000366210938,127.75,128.02999877929688,119.71070098876953,1051400
2019-08-20,126.91000366210938,127.97000122070312,124.80000305175781,126.3499984741211,118.13986206054688,698100
2019-08-21,128.0399932861328,128.67999267578125,127.22000122070312,127.94999694824219,119.63589477539062,760600
2019-08-22,128.99000549316406,129.52999877929688,127.5999984741211,128.5800018310547,120.22496032714844,729900
2019-08-23,127.41999816894531,129.1699981689453,123.81999969482422,124.48999786376953,116.40071868896484,1136200
2019-08-26,126.29000091552734,126.66000366210938,124.79000091552734,126.1500015258789,117.9528579711914,1272000
2019-08-27,127.20999908447266,127.58000183105469,124.0999984741211,125.23999786376953,117.10198211669922,1356500
2019-08-28,123.9800033569336,126.30999755859375,123.94999694824219,125.8499984741211,117.67236328125,839500
2019-08-29,127.51000213623047,129.22999572753906,127.51000213623047,128.42999267578125,120.08470916748047,805000
2019-08-30,129.80999755859375,130.02999877929688,127.77999877929688,128.97999572753906,120.59896087646484,668400
2019-09-03,127.30999755859375,128.74000549316406,125.86000061035156,127.19999694824219,118.93460845947266,1011000
2019-09-04,128.8800048828125,129.6199951171875,128.19000244140625,129.27000427246094,120.8701171875,948800
2019-09-05,130.97999572753906,134.8699951171875,130.83999633789062,133.41000366210938,124.7411117553711,1046600
2019-09-06,133.27000427246094,135.3000030517578,132.35000610351562,134.75,125.99404907226562,1060800
2019-09-09,136.39999389648438,138.8699951171875,135.63999938964844,137.8699951171875,128.9113006591797,1406300
2019-09-10,139.14999389648438,144.6300048828125,139.02999877929688,144.6300048828125,135.2320556640625,1937300
2019-09-11,144.66000366210938,145.74000549316406,142.1199951171875,145.57000732421875,136.11097717285156,1214300
2019-09-12,144.50999450683594,147.13999938964844,143.91000366210938,146.3800048828125,136.86831665039062,969700
2019-09-13,148.24000549316406,149.30999755859375,147.11000061035156,147.42999267578125,137.85009765625,1099600
2019-09-16,146.10000610351562,148.19000244140625,144.91000366210938,147.42999267578125,137.85009765625,1206200
2019-09-17,146.3800048828125,147.25,144.66000366210938,146.08999633789062,136.59718322753906,845100
2019-09-18,145.08999633789062,147.88999938964844,144.05999755859375,147.5399932861328,137.9529571533203,1239700
2019-09-19,147.33999633789062,149.52000427246094,146.82000732421875,147.2899932861328,137.71920776367188,1220700
2019-09-20,147.55999755859375,148.60000610351562,145.30999755859375,145.77999877929688,136.30734252929688,1557400
2019-09-23,143.83999633789062,147.74000549316406,143.27000427246094,147.2899932861328,137.71920776367188,1342000
2019-09-24,147.83999633789062,148.35000610351562,143.42999267578125,144.89999389648438,135.4844512939453,1230600
2019-09-25,144.4499969482422,145.88999938964844,143.07000732421875,145.47000122070312,136.0174560546875,825400
2019-09-26,145.1699981689453,146.9199981689453,144.6199951171875,146.1199951171875,136.62522888183594,635200
2019-09-27,147.6999969482422,148.41000366210938,146.8000030517578,147.5399932861328,137.9529571533203,906500
2019-09-30,148.5800018310547,148.5800018310547,146.25999450683594,147.10000610351562,137.54151916503906,924000
2019-10-01,147.83999633789062,147.83999633789062,139.91000366210938,140.74000549316406,131.5948486328125,1397300
2019-10-02,138.82000732421875,138.82000732421875,135.13999938964844,135.33999633789062,126.54569244384766,1054100
2019-10-03,134.39999389648438,135.42999267578125,131.2899932861328,135.1699981689453,126.38672637939453,1221500
2019-10-04,135.44000244140625,136.6199951171875,134.83999633789062,136.19000244140625,127.34048461914062,1040200
2019-10-07,135.1699981689453,136.52000427246094,134.69000244140625,134.72999572753906,125.9753189086914,727900
2019-10-08,132.05999755859375,132.3800048828125,129.00999450683594,129.2100067138672,120.81403350830078,1613300
2019-10-09,130.99000549316406,132.9199981689453,130.02999877929688,132.19000244140625,123.60038757324219,731400
2019-10-10,133.3300018310547,135.75999450683594,133.0800018310547,134.00999450683594,125.30213165283203,732700
2019-10-11,137.6699981689453,139.7899932861328,137.1300048828125,138.27000427246094,129.28530883789062,903700
2019-10-14,137.19000244140625,138.99000549316406,136.82000732421875,138.82000732421875,129.79957580566406,532900
2019-10-15,139.50999450683594,141.8300018310547,138.5,140.22000122070312,131.10858154296875,844900
2019-10-16,139.75,141.25999450683594,139.6300048828125,139.77000427246094,130.6878204345703,564700
2019-10-17,140.97000122070312,142.17999267578125,140.42999267578125,140.49000549316406,131.3610382080078,663200
2019-10-18,139.8699951171875,142.63999938964844,139.8699951171875,142.0,132.77293395996094,721800
2019-10-21,143.77000427246094,145.3000030517578,143.55999755859375,144.3000030517578,134.9235076904297,548000
2019-10-22,144.11000061035156,144.99000549316406,142.2899932861328,142.4499969482422,133.19371032714844,931700
2019-10-23,141.99000549316406,144.52000427246094,141.99000549316406,143.47000122070312,134.14743041992188,789300
2019-10-24,150.47999572753906,152.5,147.22999572753906,149.6300048828125,139.90716552734375,1254300
2019-10-25,149.61000061035156,150.0399932861328,147.00999450683594,149.4499969482422,139.7388458251953,624000
2019-10-28,150.8800048828125,153.2899932861328,150.6999969482422,152.80999755859375,142.8805389404297,777700
2019-10-29,151.60000610351562,154.50999450683594,150.0,153.6999969482422,143.71266174316406,639100
2019-10-30,152.6699981689453,152.75,150.1199951171875,152.0,142.12313842773438,876600
2019-10-31,151.41000366210938,152.0,147.77000427246094,150.88999938964844,141.08526611328125,737000
2019-11-01,150.64999389648438,153.19000244140625,150.4600067138672,152.88999938964844,143.88023376464844,757900
2019-11-04,154.42999267578125,155.47000122070312,153.2899932861328,155.33999633789062,146.18588256835938,648400
2019-11-05,156.17999267578125,158.85000610351562,156.17999267578125,158.2899932861328,148.96202087402344,730300
2019-11-06,157.83999633789062,158.8800048828125,156.83999633789062,157.8699951171875,148.5667724609375,812300
2019-11-07,159.1999969482422,160.6300048828125,157.7100067138672,157.74000549316406,148.4444580078125,1726500
2019-11-08,157.7899932861328,158.80999755859375,156.55999755859375,158.5399932861328,149.19728088378906,860100
2019-11-11,156.67999267578125,159.38999938964844,156.67999267578125,158.3800048828125,149.04673767089844,597600
2019-11-12,158.30999755859375,159.91000366210938,158.0800018310547,158.89999389648438,149.5360870361328,1085600
2019-11-13,156.7100067138672,159.1300048828125,155.8300018310547,158.38999938964844,149.05615234375,1359200
2019-11-14,157.8300018310547,159.83999633789062,157.60000610351562,159.32000732421875,149.9313507080078,798800
2019-11-15,160.5500030517578,160.9600067138672,159.47999572753906,160.1699981689453,150.7312469482422,785000
2019-11-18,159.25,159.57000732421875,157.64999389648438,158.25999450683594,148.9337921142578,655700
2019-11-19,158.92999267578125,159.8699951171875,157.55999755859375,159.00999450683594,149.63958740234375,791500
2019-11-20,158.61000061035156,159.30999755859375,156.2899932861328,158.3800048828125,149.04673767089844,709000
2019-11-21,158.77999877929688,158.77999877929688,156.25,158.0500030517578,148.73617553710938,694200
2019-11-22,158.86000061035156,160.4199981689453,158.1999969482422,159.77000427246094,150.35479736328125,695200
2019-11-25,160.14999389648438,162.24000549316406,159.11000061035156,161.77999877929688,152.2463836669922,764400
2019-11-26,161.39999389648438,161.57000732421875,159.92999267578125,161.02000427246094,151.53114318847656,957200
2019-11-27,162.10000610351562,163.63999938964844,161.5,163.38999938964844,153.761474609375,597500
2019-11-29,163.5,164.97999572753906,163.02999877929688,163.8699951171875,154.21319580078125,404700
2019-12-02,164.6999969482422,165.77999877929688,162.4600067138672,162.55999755859375,152.9803924560547,1254700
2019-12-03,160.02999877929688,160.52999877929688,158.19000244140625,159.97999572753906,150.5524444580078,889400
2019-12-04,160.6699981689453,162.6999969482422,160.6699981689453,162.0399932861328,152.49105834960938,687700
2019-12-05,162.89999389648438,163.19000244140625,161.85000610351562,162.77999877929688,153.1874237060547,755200
2019-12-06,165.02999877929688,165.88999938964844,164.47999572753906,164.89999389648438,155.1824951171875,795100
2019-12-09,164.63999938964844,165.3800048828125,164.05999755859375,164.82000732421875,155.1072235107422,762900
2019-12-10,163.8699951171875,165.4199981689453,163.72000122070312,165.2100067138672,155.47425842285156,938100
2019-12-11,165.0,165.7100067138672,163.61000061035156,164.50999450683594,154.81549072265625,663000
2019-12-12,164.4199981689453,169.08999633789062,164.24000549316406,168.42999267578125,158.50445556640625,773600
2019-12-13,168.3800048828125,169.2100067138672,166.27999877929688,167.44000244140625,157.5728302001953,974600
2019-12-16,169.3699951171875,169.74000549316406,167.3800048828125,167.44000244140625,157.5728302001953,928400
2019-12-17,167.22999572753906,167.6999969482422,166.00999450683594,167.33999633789062,157.4786834716797,902300
2019-12-18,167.5,168.27000427246094,166.85000610351562,167.25999450683594,157.4034423828125,894800
2019-12-19,167.5800018310547,168.02999877929688,166.14999389648438,167.27999877929688,157.42225646972656,782200
2019-12-20,168.7100067138672,168.72999572753906,167.6199951171875,168.08999633789062,158.1845245361328,1779800
2019-12-23,168.25999450683594,168.4600067138672,167.02000427246094,167.27999877929688,157.42225646972656,672600
2019-12-24,167.3000030517578,167.83999633789062,166.9199981689453,167.72000122070312,157.83633422851562,226200
2019-12-26,167.47999572753906,168.4499969482422,167.33999633789062,167.67999267578125,157.79869079589844,443000
2019-12-27,167.86000061035156,167.86000061035156,166.5800018310547,166.7100067138672,156.8858642578125,566600
2019-12-30,167.57000732421875,167.82000732421875,165.9199981689453,166.07000732421875,156.2835693359375,417500
2019-12-31,165.89999389648438,167.5500030517578,165.77000427246094,166.5800018310547,156.76351928710938,603500
2020-01-02,167.5399932861328,169.24000549316406,166.69000244140625,169.22999572753906,159.25735473632812,822100
2020-01-03,167.97999572753906,168.2100067138672,165.7899932861328,167.1199951171875,157.2716522216797,581300
2020-01-06,165.4199981689453,167.8000030517578,165.22000122070312,167.6699981689453,157.7892608642578,748700
2020-01-07,166.49000549316406,167.30999755859375,165.57000732421875,165.64999389648438,155.8883056640625,1009200
2020-01-08,165.91000366210938,168.6999969482422,165.91000366210938,167.13999938964844,157.29051208496094,657700
2020-01-09,169.10000610351562,169.64999389648438,167.8300018310547,168.8699951171875,158.91854858398438,594400
2020-01-10,168.9199981689453,169.92999267578125,167.5,169.16000366210938,159.1914520263672,749000
2020-01-13,169.82000732421875,170.8000030517578,168.89999389648438,169.72999572753906,159.72789001464844,692600
2020-01-14,169.72999572753906,170.30999755859375,167.91000366210938,168.4199981689453,158.4950714111328,588200
2020-01-15,167.4600067138672,169.47999572753906,167.02000427246094,168.2899932861328,158.37274169921875,581900
2020-01-16,169.33999633789062,171.9499969482422,169.33999633789062,171.9499969482422,161.81703186035156,748500
2020-01-17,172.49000549316406,173.75,171.63999938964844,172.42999267578125,162.26876831054688,777100
2020-01-21,171.25,172.08999633789062,170.16000366210938,170.25,160.21722412109375,540300
2020-01-22,171.4600067138672,172.3300018310547,171.0,171.13999938964844,161.05477905273438,526100
2020-01-23,169.97000122070312,171.47000122070312,168.02000427246094,171.3800048828125,161.2806396484375,751300
2020-01-24,171.39999389648438,171.47999572753906,166.5,167.57000732421875,157.6951904296875,558900
2020-01-27,163.55999755859375,164.77999877929688,162.0399932861328,162.39999389648438,152.829833984375,754500
2020-01-28,164.02999877929688,165.75999450683594,163.47000122070312,165.1199951171875,155.3895263671875,619700
2020-01-29,166.19000244140625,167.8699951171875,165.3699951171875,166.0399932861328,156.25531005859375,710900
2020-01-30,167.24000549316406,170.77000427246094,165.64999389648438,170.50999450683594,160.46189880371094,887000
2020-01-31,168.9600067138672,168.9600067138672,164.72000122070312,165.41000366210938,155.66246032714844,932900
2020-02-03,166.97999572753906,169.72000122070312,166.4600067138672,167.4600067138672,157.59165954589844,864900
2020-02-04,171.39999389648438,174.4499969482422,171.39999389648438,173.27999877929688,163.06866455078125,681200
2020-02-05,175.0,176.58999633789062,173.67999267578125,176.05999755859375,165.68482971191406,649800
2020-02-06,177.50999450683594,177.50999450683594,175.1699981689453,175.91000366210938,165.54368591308594,521900
2020-02-07,174.52000427246094,176.30999755859375,174.14999389648438,175.32000732421875,164.9884490966797,461200
2020-02-10,174.4600067138672,175.8699951171875,173.9600067138672,175.77000427246094,165.41195678710938,454500
2020-02-11,176.64999389648438,179.35000610351562,176.22999572753906,177.6300048828125,167.162353515625,462500
2020-02-12,178.58999633789062,179.57000732421875,178.02999877929688,178.63999938964844,168.11280822753906,409300
2020-02-13,176.52999877929688,178.6199951171875,175.86000061035156,178.39999389648438,168.80352783203125,514100
2020-02-14,178.1199951171875,179.00999450683594,177.5500030517578,178.82000732421875,169.2009735107422,525100
2020-02-18,177.89999389648438,179.47999572753906,175.75,177.2899932861328,167.7532501220703,994900
2020-02-19,178.5500030517578,179.4199981689453,177.82000732421875,179.0399932861328,169.4091033935547,559100
2020-02-20,178.25999450683594,180.85000610351562,177.97999572753906,179.72000122070312,170.05255126953125,654900
2020-02-21,178.63999938964844,178.9499969482422,174.6699981689453,175.42999267578125,165.99331665039062,595300
2020-02-24,168.52000427246094,169.3800048828125,163.2899932861328,164.47000122070312,155.6228790283203,846800
2020-02-25,164.88999938964844,165.33999633789062,155.02999877929688,156.22999572753906,147.82611083984375,1085800
2020-02-26,156.38999938964844,160.36000061035156,156.0,156.0,147.60845947265625,1031900
2020-02-27,151.5800018310547,153.92999267578125,146.1199951171875,146.17999267578125,138.3166961669922,1487200
2020-02-28,139.30999755859375,142.83999633789062,136.49000549316406,141.3000030517578,133.69920349121094,2050400
2020-03-02,142.1300048828125,150.88999938964844,139.49000549316406,150.86000061035156,142.74497985839844,1482600
2020-03-03,149.47000122070312,150.33999633789062,139.44000244140625,140.55999755859375,132.99900817871094,1433500
2020-03-04,143.41000366210938,145.36000061035156,139.22000122070312,144.4600067138672,136.6892547607422,1243500
2020-03-05,138.36000061035156,139.41000366210938,132.63999938964844,134.50999450683594,127.27446746826172,1456000
2020-03-06,128.25999450683594,131.3300018310547,123.7699966430664,126.5999984741211,119.78997039794922,1588900
2020-03-09,114.16000366210938,118.4000015258789,107.62999725341797,109.12999725341797,103.25971221923828,1498400
2020-03-10,114.8499984741211,119.54000091552734,110.5,119.27999877929688,112.86370086669922,1738700
2020-03-11,114.77999877929688,116.05999755859375,108.41999816894531,110.77999877929688,104.8209457397461,1535600
2020-03-12,101.18000030517578,104.68000030517578,92.0199966430664,92.41999816894531,87.44855499267578,1968200
2020-03-13,99.18000030517578,113.54000091552734,98.19000244140625,113.33999633789062,107.24322509765625,1810500
2020-03-16,90.77999877929688,99.95999908447266,85.94999694824219,86.33999633789062,81.69561767578125,1888700
2020-03-17,89.4800033569336,97.97000122070312,82.11000061035156,97.94000244140625,92.67163848876953,1930500
2020-03-18,89.52999877929688,94.04000091552734,80.01000213623047,93.91000366210938,88.85841369628906,1803300
2020-03-19,91.81999969482422,99.16000366210938,86.58000183105469,95.43000030517578,90.2966537475586,1601800
2020-03-20,97.27999877929688,98.0,86.51000213623047,89.83000183105469,84.99787902832031,1608700
2020-03-23,87.95999908447266,89.20999908447266,82.02999877929688,82.87999725341797,78.4217300415039,1449700
2020-03-24,89.55999755859375,100.76000213623047,86.98999786376953,100.05999755859375,94.67759704589844,1485900
2020-03-25,102.88999938964844,111.41000366210938,97.5199966430664,103.5999984741211,98.02718353271484,1375800
2020-03-26,105.52999877929688,111.87999725341797,100.62000274658203,110.87000274658203,104.9061050415039,1298100
2020-03-27,105.0,108.58000183105469,102.87999725341797,103.33000183105469,97.77169799804688,1152700
2020-03-30,102.80999755859375,109.8499984741211,100.02999877929688,109.1500015258789,103.27864074707031,992200
2020-03-31,108.45999908447266,109.0999984741211,100.0,102.4800033569336,96.9674301147461,1281300
2020-04-01,95.88999938964844,99.4800033569336,93.16000366210938,94.30999755859375,89.23690032958984,1205900
2020-04-02,93.55000305175781,100.43000030517578,91.98999786376953,94.05000305175781,88.99089050292969,922500
2020-04-03,93.55000305175781,94.45999908447266,88.55000305175781,90.31999969482422,85.4615249633789,937900
2020-04-06,96.27999877929688,103.86000061035156,93.83999633789062,102.58000183105469,97.0620346069336,1064900
2020-04-07,109.16999816894531,112.2300033569336,102.41000366210938,103.4800033569336,97.91362762451172,1302900
2020-04-08,104.4800033569336,112.4800033569336,102.27999877929688,111.69000244140625,105.6820068359375,996200
2020-04-09,113.63999938964844,124.61000061035156,113.63999938964844,120.47000122070312,113.98969268798828,1608600
2020-04-13,116.87999725341797,117.83999633789062,113.11000061035156,114.91999816894531,108.73824310302734,827100
2020-04-14,118.37000274658203,118.47000122070312,111.7300033569336,114.30000305175781,108.15159606933594,1049200
2020-04-15,108.73999786376953,109.68000030517578,103.70999908447266,104.1500015258789,98.5475845336914,728700
2020-04-16,103.5999984741211,104.33999633789062,100.11000061035156,101.69000244140625,96.21992492675781,861200
2020-04-17,107.04000091552734,111.62000274658203,106.81999969482422,110.94999694824219,104.9818115234375,1077200
2020-04-20,107.2699966430664,110.38999938964844,105.61000061035156,110.11000061035156,104.1869888305664,1097500
2020-04-21,106.0,107.58999633789062,102.0,103.44999694824219,97.88522338867188,1239100
2020-04-22,106.55999755859375,107.55000305175781,104.19999694824219,104.91000366210938,99.2667007446289,626500
2020-04-23,105.58999633789062,107.7699966430664,103.69000244140625,104.3499984741211,98.73682403564453,505000
2020-04-24,105.7699966430664,108.4000015258789,103.73999786376953,107.4800033569336,101.6984634399414,730800
2020-04-27,108.87000274658203,113.01000213623047,108.29000091552734,112.44999694824219,106.401123046875,771300
2020-04-28,116.94999694824219,118.27999877929688,112.30999755859375,113.4800033569336,107.37570190429688,1004000
2020-04-29,119.12999725341797,119.43000030517578,116.04000091552734,118.0199966430664,111.67150115966797,933800
2020-04-30,114.93000030517578,116.58000183105469,113.0199966430664,114.94000244140625,108.7571792602539,810800
2020-05-01,111.23999786376953,112.23999786376953,109.01000213623047,111.26000213623047,105.27513885498047,644400
2020-05-04,109.5199966430664,113.12999725341797,108.02999877929688,113.05999755859375,106.9782943725586,834300
2020-05-05,113.38999938964844,115.01000213623047,110.30000305175781,110.7300033569336,104.77364349365234,835900
2020-05-06,113.69000244140625,113.69000244140625,106.77999877929688,107.27999877929688,101.50921630859375,951800
2020-05-07,117.87999725341797,130.6300048828125,115.41999816894531,121.7300033569336,115.18193817138672,2110800
2020-05-08,124.45999908447266,127.25,122.48999786376953,125.61000061035156,118.85321044921875,872700
2020-05-11,123.33000183105469,125.20999908447266,121.37999725341797,123.87000274658203,117.2068099975586,720000
2020-05-12,124.87999725341797,126.30999755859375,121.13999938964844,121.1500015258789,114.63313293457031,946200
2020-05-13,120.58000183105469,121.8499984741211,115.05000305175781,117.37000274658203,111.05646514892578,1155100
2020-05-14,115.0,122.63999938964844,112.31999969482422,122.5999984741211,116.005126953125,1356900
2020-05-15,121.12999725341797,125.37000274658203,119.4000015258789,121.9800033569336,116.40593719482422,2371100
2020-05-18,126.05000305175781,132.9499969482422,126.05000305175781,131.92999267578125,125.90126037597656,1121400
2020-05-19,129.07000732421875,132.3300018310547,127.70999908447266,128.5399932861328,122.66616821289062,918600
2020-05-20,132.35000610351562,134.0,130.4199981689453,131.6300048828125,125.61497497558594,895800
2020-05-21,131.47000122070312,134.3800048828125,131.1999969482422,132.1199951171875,126.08255767822266,731700
2020-05-22,131.99000549316406,133.1199951171875,129.41000366210938,132.4600067138672,126.40702056884766,730500
2020-05-26,138.6300048828125,142.8300018310547,138.0399932861328,140.0399932861328,133.64064025878906,1073500
2020-05-27,147.17999267578125,148.57000732421875,143.67999267578125,146.22000122070312,139.5382537841797,966300
2020-05-28,147.6300048828125,148.25999450683594,143.07000732421875,143.63999938964844,137.07614135742188,901800
2020-05-29,140.74000549316406,142.94000244140625,137.8800048828125,140.07000732421875,133.66928100585938,1674400
2020-06-01,141.00999450683594,144.8800048828125,140.1199951171875,143.94000244140625,137.3624267578125,701400
2020-06-02,145.94000244140625,147.88999938964844,144.42999267578125,146.39999389648438,139.7100372314453,855700
2020-06-03,151.0,154.85000610351562,150.0,151.47999572753906,144.5579071044922,800900
2020-06-04,149.64999389648438,154.85000610351562,149.02000427246094,153.1199951171875,146.12294006347656,955200
2020-06-05,163.8000030517578,164.7100067138672,154.69000244140625,155.57000732421875,148.46099853515625,1400300
2020-06-08,158.30999755859375,162.75,157.61000061035156,162.6999969482422,155.26516723632812,1129200
2020-06-09,157.27999877929688,161.66000366210938,155.77999877929688,159.58999633789062,152.29727172851562,1362200
2020-06-10,158.2899932861328,159.9199981689453,153.63999938964844,154.0500030517578,147.0104522705078,1118400
2020-06-11,144.99000549316406,149.1199951171875,138.6999969482422,139.08999633789062,132.73406982421875,1137700
2020-06-12,146.8300018310547,148.55999755859375,141.75,146.63999938964844,139.93907165527344,1217000
2020-06-15,141.9199981689453,152.89999389648438,141.50999450683594,150.17999267578125,143.31729125976562,1745700
2020-06-16,158.0399932861328,158.0399932861328,150.17999267578125,153.50999450683594,146.49513244628906,1210400
2020-06-17,153.97999572753906,154.00999450683594,149.05999755859375,149.69000244140625,142.8496551513672,1418300
2020-06-18,148.69000244140625,153.7100067138672,147.91000366210938,150.52999877929688,143.65133666992188,1377200
2020-06-19,153.8699951171875,153.97000122070312,146.75999450683594,148.35000610351562,141.57093811035156,2098100
2020-06-22,148.75,151.27999877929688,147.16000366210938,148.27999877929688,141.50413513183594,1355100
2020-06-23,151.5800018310547,152.38999938964844,148.16000366210938,148.61000061035156,141.8190155029297,1215200
2020-06-24,146.6199951171875,146.6699981689453,140.7899932861328,142.9600067138672,136.42724609375,1241000
2020-06-25,145.69000244140625,152.72000122070312,144.9600067138672,151.5500030517578,144.62469482421875,1434600
2020-06-26,148.69000244140625,149.60000610351562,143.9199981689453,147.02999877929688,140.3112335205078,2317800
2020-06-29,149.4199981689453,149.6999969482422,146.88999938964844,148.36000061035156,141.58045959472656,981000
2020-06-30,147.22000122070312,151.2899932861328,147.22000122070312,150.0399932861328,143.18368530273438,1116600
2020-07-01,150.44000244140625,151.72000122070312,145.5800018310547,145.8300018310547,139.16607666015625,797400
2020-07-02,150.08999633789062,151.11000061035156,145.16000366210938,145.4499969482422,138.80343627929688,679900
2020-07-06,150.17999267578125,151.97999572753906,149.1999969482422,150.1999969482422,143.3363800048828,701700
2020-07-07,148.63999938964844,149.17999267578125,145.8800048828125,146.1300048828125,139.45233154296875,848600
2020-07-08,145.6699981689453,148.99000549316406,145.6699981689453,148.41000366210938,141.62818908691406,796900
2020-07-09,148.38999938964844,148.64999389648438,142.3699951171875,143.2899932861328,136.7421417236328,627900
2020-07-10,143.6999969482422,148.91000366210938,143.55999755859375,148.5800018310547,141.79039001464844,762100
2020-07-13,150.22000122070312,151.58999633789062,147.75999450683594,147.99000549316406,141.2273712158203,748100
2020-07-14,147.5399932861328,150.2100067138672,146.3800048828125,149.8000030517578,142.9546356201172,552000
2020-07-15,153.64999389648438,154.61000061035156,150.52999877929688,154.10000610351562,147.05816650390625,638600
2020-07-16,152.6300048828125,155.11000061035156,151.22999572753906,152.88999938964844,145.90345764160156,531700
2020-07-17,153.8000030517578,154.10000610351562,152.0,153.3699951171875,146.3615264892578,636000
2020-07-20,152.0399932861328,154.75999450683594,151.1199951171875,154.3800048828125,147.32537841796875,735200
2020-07-21,154.85000610351562,158.7100067138672,154.8300018310547,157.3300018310547,150.1405487060547,670700
2020-07-22,156.58999633789062,160.13999938964844,156.58999633789062,157.9600067138672,150.74176025390625,749000
2020-07-23,157.22999572753906,159.64999389648438,156.44000244140625,156.80999755859375,149.6443328857422,617100
2020-07-24,156.0,157.7100067138672,155.11000061035156,155.25999450683594,148.16513061523438,624200
2020-07-27,154.55999755859375,156.8699951171875,152.1999969482422,156.33999633789062,149.19581604003906,565900
2020-07-28,154.6999969482422,156.24000549316406,154.02999877929688,154.0500030517578,147.0104522705078,692500
2020-07-29,153.6999969482422,157.0500030517578,152.02999877929688,156.91000366210938,149.73974609375,866600
2020-07-30,153.32000732421875,153.32000732421875,148.7899932861328,152.0399932861328,145.09228515625,955500
2020-07-31,152.4199981689453,154.4199981689453,151.07000732421875,153.6300048828125,146.60964965820312,692900
2020-08-03,154.4199981689453,156.44000244140625,152.52999877929688,155.69000244140625,148.5754852294922,583800
2020-08-04,154.0500030517578,154.85000610351562,151.6699981689453,153.4199981689453,146.40921020507812,765500
2020-08-05,155.33999633789062,157.24000549316406,155.19000244140625,156.1699981689453,149.03355407714844,634700
2020-08-06,155.05999755859375,156.7899932861328,154.30999755859375,155.85000610351562,148.72821044921875,508400
2020-08-07,153.88999938964844,159.92999267578125,153.6699981689453,159.83999633789062,153.56057739257812,620400
2020-08-10,160.0,162.1999969482422,160.0,160.8300018310547,154.51171875,497400
2020-08-11,164.0,165.72999572753906,162.32000732421875,162.5500030517578,156.1641387939453,744900
2020-08-12,165.3800048828125,165.47000122070312,159.17999267578125,161.0800018310547,154.75186157226562,474700
2020-08-13,159.6699981689453,161.25,158.77999877929688,159.0,152.7535858154297,536100
2020-08-14,158.3800048828125,160.97999572753906,157.82000732421875,159.66000366210938,153.38766479492188,474900
2020-08-17,159.69000244140625,159.82000732421875,157.75999450683594,157.8300018310547,151.62957763671875,437600
2020-08-18,158.0500030517578,158.35000610351562,156.33999633789062,156.5,150.35179138183594,600100
2020-08-19,156.64999389648438,160.05999755859375,156.57000732421875,156.85000610351562,150.68804931640625,588900
2020-08-20,155.24000549316406,157.38999938964844,154.27000427246094,155.13999938964844,149.04522705078125,516100
2020-08-21,155.24000549316406,156.7899932861328,153.9199981689453,154.50999450683594,148.4399871826172,654900
2020-08-24,155.3800048828125,157.75,155.3300018310547,157.72000122070312,151.5238800048828,914800
2020-08-25,159.47999572753906,159.8800048828125,156.86000061035156,156.99000549316406,150.82257080078125,537200
2020-08-26,156.77000427246094,156.9199981689453,155.02999877929688,155.74000549316406,149.62167358398438,528100
2020-08-27,155.77999877929688,160.49000549316406,155.5,159.10000610351562,152.8496551513672,567300
2020-08-28,160.02000427246094,160.02000427246094,156.9600067138672,158.88999938964844,152.64791870117188,498900
2020-08-31,158.88999938964844,158.88999938964844,156.7899932861328,156.8000030517578,150.6400146484375,750500
2020-09-01,155.58999633789062,157.42999267578125,154.10000610351562,157.16000366210938,150.9858856201172,688900
2020-09-02,157.02999877929688,160.69000244140625,156.3699951171875,159.72999572753906,153.4548797607422,589100
2020-09-03,160.63999938964844,163.50999450683594,154.9600067138672,156.33999633789062,150.19808959960938,630800
2020-09-04,159.44000244140625,160.27999877929688,153.5,156.5399932861328,150.39024353027344,614500
2020-09-08,154.36000061035156,154.5,148.8800048828125,149.50999450683594,143.6363983154297,780500
2020-09-09,150.97000122070312,151.5399932861328,148.38999938964844,150.10000610351562,144.20323181152344,675500
2020-09-10,150.4499969482422,152.35000610351562,149.38999938964844,150.07000732421875,144.17440795898438,810800
2020-09-11,150.67999267578125,153.14999389648438,149.91000366210938,152.10000610351562,146.12466430664062,667700
2020-09-14,153.5,156.8800048828125,153.4199981689453,156.02999877929688,149.90025329589844,725600
2020-09-15,156.0500030517578,156.13999938964844,153.3800048828125,153.85000610351562,147.80592346191406,774200
2020-09-16,154.27999877929688,159.75,153.86000061035156,157.42999267578125,151.24526977539062,651500
2020-09-17,154.89999389648438,157.5,153.2100067138672,157.0,150.83218383789062,683900
2020-09-18,156.6999969482422,159.5800018310547,155.61000061035156,157.7100067138672,151.5142822265625,1436300
2020-09-21,153.6199951171875,155.13999938964844,147.67999267578125,150.38999938964844,144.4818572998047,913000
2020-09-22,150.11000061035156,152.3699951171875,147.16000366210938,148.69000244140625,142.84861755371094,630400
2020-09-23,149.33999633789062,151.24000549316406,145.19000244140625,145.35000610351562,139.6398468017578,459700
2020-09-24,145.4600067138672,147.05999755859375,141.82000732421875,144.61000061035156,138.9289093017578,519700
2020-09-25,142.77000427246094,148.05999755859375,142.63999938964844,146.74000549316406,140.97523498535156,502300
2020-09-28,149.72000122070312,152.8000030517578,147.89999389648438,151.47999572753906,145.52903747558594,710500
2020-09-29,150.25,151.5399932861328,147.0,150.3800048828125,144.4722442626953,521900
2020-09-30,151.6300048828125,156.3800048828125,150.83999633789062,154.11000061035156,148.0557098388672,954700
2020-10-01,155.19000244140625,156.91000366210938,153.1699981689453,155.30999755859375,149.2085418701172,596400
2020-10-02,152.14999389648438,160.69000244140625,152.02000427246094,158.85000610351562,152.6094970703125,576600
2020-10-05,161.0399932861328,163.4199981689453,160.8699951171875,162.66000366210938,156.26979064941406,668000
2020-10-06,164.52000427246094,165.55999755859375,159.44000244140625,159.8000030517578,153.52215576171875,656400
2020-10-07,162.6199951171875,165.6699981689453,161.80999755859375,164.88999938964844,158.41220092773438,692400
2020-10-08,166.5800018310547,169.5,165.39999389648438,169.30999755859375,162.65855407714844,464000
2020-10-09,170.0,171.6699981689453,169.1300048828125,170.33999633789062,163.64808654785156,532200
2020-10-12,169.75,172.92999267578125,169.75,172.0399932861328,165.28131103515625,563500
2020-10-13,170.75,171.9499969482422,165.9600067138672,166.72999572753906,160.17991638183594,748700
2020-10-14,167.55999755859375,169.14999389648438,166.6199951171875,167.07000732421875,160.50656127929688,481000
2020-10-15,164.5500030517578,171.67999267578125,164.11000061035156,170.97999572753906,164.262939453125,479600
2020-10-16,171.47999572753906,171.77999877929688,168.57000732421875,169.9499969482422,163.27340698242188,648300
2020-10-19,171.39999389648438,173.11000061035156,168.66000366210938,169.0399932861328,162.39915466308594,557300
2020-10-20,169.2899932861328,171.10000610351562,167.52999877929688,167.99000549316406,161.39041137695312,710300
2020-10-21,168.16000366210938,170.24000549316406,166.69000244140625,166.75,160.19912719726562,480300
2020-10-22,167.16000366210938,170.7899932861328,166.2100067138672,170.32000732421875,163.62887573242188,439400
2020-10-23,171.72999572753906,172.39999389648438,169.80999755859375,170.38999938964844,163.6961212158203,495200
2020-10-26,167.75999450683594,168.24000549316406,163.44000244140625,165.61000061035156,159.10391235351562,500900
2020-10-27,165.74000549316406,165.74000549316406,162.02000427246094,162.38999938964844,156.01040649414062,522300
2020-10-28,159.00999450683594,161.14999389648438,156.5399932861328,158.25,152.03306579589844,739900
2020-10-29,158.97999572753906,162.75999450683594,155.3300018310547,161.11000061035156,154.78070068359375,730200
2020-10-30,159.9199981689453,161.49000549316406,157.8300018310547,160.8300018310547,154.51171875,656300
2020-11-02,163.86000061035156,165.52999877929688,162.38999938964844,164.4499969482422,157.98948669433594,517200
2020-11-03,167.0,170.10000610351562,166.39999389648438,167.4499969482422,160.87164306640625,584000
2020-11-04,164.49000549316406,172.94000244140625,161.94000244140625,168.39999389648438,161.78431701660156,848000
2020-11-05,170.86000061035156,174.6300048828125,170.52999877929688,172.69000244140625,165.90577697753906,646200
2020-11-06,172.9499969482422,172.9499969482422,168.6999969482422,169.77999877929688,164.09835815429688,365400
2020-11-09,182.5800018310547,187.47999572753906,182.17999267578125,182.94000244140625,176.81793212890625,1386800
2020-11-10,182.74000549316406,184.52999877929688,178.64999389648438,183.1699981689453,177.04025268554688,1034400
2020-11-11,185.16000366210938,185.17999267578125,180.02999877929688,181.3000030517578,175.23284912109375,566400
2020-11-12,180.3800048828125,180.8800048828125,175.6699981689453,177.3000030517578,171.36668395996094,577400
2020-11-13,179.5800018310547,185.6199951171875,178.99000549316406,184.8800048828125,178.69302368164062,711200
2020-11-16,188.4600067138672,188.57000732421875,184.32000732421875,185.97000122070312,179.74656677246094,635100
2020-11-17,183.61000061035156,185.0800018310547,181.50999450683594,184.22999572753906,178.0647735595703,581500
2020-11-18,184.5,188.44000244140625,183.27999877929688,183.3300018310547,177.1949005126953,446300
2020-11-19,181.82000732421875,184.10000610351562,180.25999450683594,183.6300048828125,177.48486328125,436900
2020-11-20,182.80999755859375,182.99000549316406,179.77000427246094,179.8000030517578,173.78305053710938,527900
2020-11-23,181.72999572753906,184.25,181.0800018310547,183.75999450683594,177.61050415039062,526500
2020-11-24,186.80999755859375,193.19000244140625,185.72000122070312,192.6699981689453,186.22235107421875,763000
2020-11-25,191.7899932861328,191.94000244140625,188.47999572753906,190.19000244140625,183.82530212402344,670000
2020-11-27,190.0800018310547,191.5,189.25,190.75,184.36659240722656,300300
2020-11-30,188.35000610351562,190.1199951171875,184.74000549316406,185.24000549316406,179.04100036621094,1096700
2020-12-01,189.50999450683594,190.7899932861328,187.92999267578125,190.25,183.8833465576172,773700
2020-12-02,189.9499969482422,193.86000061035156,189.30999755859375,193.44000244140625,186.966552734375,823000
2020-12-03,193.0800018310547,196.69000244140625,192.85000610351562,194.7100067138672,188.19406127929688,722400
2020-12-04,196.0500030517578,198.16000366210938,195.42999267578125,196.27999877929688,189.7115478515625,514200
2020-12-07,195.13999938964844,195.33999633789062,192.55999755859375,194.44000244140625,187.93309020996094,810700
2020-12-08,192.38999938964844,193.6999969482422,191.55999755859375,192.50999450683594,186.06768798828125,649000
2020-12-09,194.02000427246094,196.4199981689453,191.80999755859375,193.24000549316406,186.7732696533203,690200
2020-12-10,191.1999969482422,193.1199951171875,190.27000427246094,192.85000610351562,186.39630126953125,838500
2020-12-11,190.3800048828125,192.3300018310547,189.47999572753906,191.74000549316406,185.3234405517578,539900
2020-12-14,194.61000061035156,194.61000061035156,190.88999938964844,190.99000549316406,184.5985870361328,941800
2020-12-15,193.08999633789062,193.14999389648438,189.63999938964844,190.77000427246094,184.38592529296875,678300
2020-12-16,192.25,192.67999267578125,188.86000061035156,189.74000549316406,183.390380859375,790700
2020-12-17,190.1999969482422,190.7899932861328,188.1699981689453,190.0500030517578,183.6900177001953,686100
2020-12-18,188.0500030517578,190.32000732421875,185.6300048828125,186.94000244140625,180.68408203125,2279700
2020-12-21,186.5500030517578,187.77000427246094,182.8300018310547,186.75999450683594,180.51011657714844,767800
2020-12-22,187.24000549316406,187.72000122070312,184.44000244140625,185.05999755859375,178.8670196533203,591500
2020-12-23,185.6300048828125,189.69000244140625,185.6300048828125,188.5399932861328,182.2305450439453,445000
2020-12-24,188.97999572753906,189.8800048828125,186.9499969482422,189.6999969482422,183.3517303466797,212100
2020-12-28,191.16000366210938,193.07000732421875,189.92999267578125,189.97999572753906,183.62234497070312,402700
2020-12-29,190.97000122070312,191.36000061035156,188.83999633789062,189.07000732421875,182.74281311035156,408500
2020-12-30,188.8300018310547,192.5,188.8300018310547,191.35000610351562,184.94650268554688,393700
2020-12-31,191.2100067138672,194.66000366210938,191.1300048828125,194.3300018310547,187.8267822265625,422300
2021-01-04,195.3000030517578,195.89999389648438,185.8000030517578,188.11000061035156,181.81492614746094,587800
2021-01-05,188.11000061035156,189.85000610351562,185.7100067138672,187.00999450683594,180.7517547607422,560900
2021-01-06,191.25999450683594,199.94000244140625,190.8300018310547,197.74000549316406,191.12266540527344,736400
2021-01-07,200.0,202.17999267578125,199.41000366210938,200.1300048828125,193.4326934814453,585900
2021-01-08,200.75,201.63999938964844,198.52000427246094,201.5500030517578,194.80516052246094,545400
2021-01-11,199.22000122070312,201.9600067138672,199.11000061035156,201.5800018310547,194.83416748046875,855100
2021-01-12,202.08999633789062,206.14999389648438,201.33999633789062,204.5500030517578,197.7047882080078,733300
2021-01-13,204.55999755859375,204.86000061035156,201.5,203.07000732421875,196.27432250976562,462600
2021-01-14,203.97000122070312,207.27999877929688,202.52999877929688,206.9499969482422,200.0244598388672,749600
2021-01-15,204.6300048828125,208.52999877929688,203.42999267578125,208.27999877929688,201.30996704101562,665100
2021-01-19,209.60000610351562,213.72999572753906,209.27000427246094,212.99000549316406,205.86236572265625,822600
2021-01-20,213.74000549316406,214.49000549316406,211.38999938964844,213.16000366210938,206.0266571044922,536500
2021-01-21,213.39999389648438,214.5,211.94000244140625,211.94000244140625,204.8474578857422,663000
2021-01-22,210.39999389648438,212.4499969482422,210.0,211.7899932861328,204.7024688720703,447100
2021-01-25,210.3300018310547,213.47000122070312,209.35000610351562,211.61000061035156,204.52853393554688,630600
2021-01-26,213.22999572753906,213.41000366210938,210.33999633789062,211.27000427246094,204.19989013671875,551300
2021-01-27,207.27999877929688,209.9600067138672,201.05999755859375,201.4600067138672,194.7181854248047,890900
2021-01-28,204.47000122070312,209.41000366210938,199.30999755859375,206.66000366210938,199.74415588378906,771200
2021-01-29,204.97000122070312,204.97000122070312,197.80999755859375,197.8699951171875,191.24830627441406,1012400
2021-02-01,199.82000732421875,201.05999755859375,196.77000427246094,200.83999633789062,194.11892700195312,610000
2021-02-02,203.6300048828125,206.1999969482422,202.74000549316406,205.08999633789062,198.2266845703125,518100
2021-02-03,204.35000610351562,205.3000030517578,201.0399932861328,201.86000061035156,195.10479736328125,844300
2021-02-04,202.47000122070312,209.42999267578125,202.27000427246094,209.30999755859375,202.3054656982422,478800
2021-02-05,210.69000244140625,213.2899932861328,209.88999938964844,211.05999755859375,203.9969024658203,462300
2021-02-08,211.30999755859375,213.50999450683594,210.94000244140625,213.30999755859375,206.171630859375,392700
2021-02-09,212.8300018310547,215.4499969482422,211.4600067138672,214.66000366210938,207.4764404296875,565100
2021-02-10,215.22999572753906,217.74000549316406,213.74000549316406,215.0500030517578,207.85340881347656,746100
2021-02-11,215.0,215.91000366210938,212.9600067138672,214.6999969482422,208.52352905273438,445000
2021-02-12,214.0,218.35000610351562,213.7899932861328,218.0800018310547,211.80630493164062,412900
2021-02-16,219.75,221.3699951171875,218.64999389648438,220.19000244140625,213.8555908203125,828600
2021-02-17,219.16000366210938,219.8000030517578,216.3000030517578,218.38999938964844,212.10739135742188,401600
2021-02-18,215.75,217.3000030517578,212.8000030517578,214.1999969482422,208.03793334960938,601500
2021-02-19,215.75,224.6999969482422,214.30999755859375,224.49000549316406,218.0319061279297,1233600
2021-02-22,223.4600067138672,227.92999267578125,222.13999938964844,225.8800048828125,219.38192749023438,872000
2021-02-23,227.9600067138672,227.9600067138672,222.80999755859375,226.5,219.9840850830078,717300
2021-02-24,226.25,232.80999755859375,225.2100067138672,232.10000610351562,225.42298889160156,641500
2021-02-25,233.49000549316406,233.91000366210938,223.11000061035156,223.94000244140625,217.49771118164062,569900
2021-02-26,224.10000610351562,226.2899932861328,220.3800048828125,221.24000549316406,214.87542724609375,886700
2021-03-01,224.97999572753906,230.72999572753906,224.97999572753906,229.0800018310547,222.4898681640625,651300
2021-03-02,228.27000427246094,229.07000732421875,225.7899932861328,225.7899932861328,219.29449462890625,753600
2021-03-03,226.75,228.25999450683594,223.3800048828125,223.69000244140625,217.2549285888672,894000
2021-03-04,221.91000366210938,224.27000427246094,213.3800048828125,217.24000549316406,210.990478515625,946700
2021-03-05,221.25999450683594,223.3000030517578,213.89999389648438,222.3000030517578,215.90489196777344,958600
2021-03-08,225.0,230.0,223.47999572753906,224.07000732421875,217.62400817871094,854500
2021-03-09,223.66000366210938,227.0399932861328,221.3000030517578,223.5,217.0703887939453,856100
2021-03-10,225.75,228.49000549316406,224.47000122070312,225.64999389648438,219.15853881835938,1166500
2021-03-11,224.94000244140625,229.33999633789062,222.25,226.5399932861328,220.02293395996094,993600
2021-03-12,229.17999267578125,229.4199981689453,224.5399932861328,225.49000549316406,219.00314331054688,698500
2021-03-15,226.1300048828125,228.17999267578125,221.8300018310547,228.1300048828125,221.5671844482422,972800
2021-03-16,226.27999877929688,227.6199951171875,220.39999389648438,221.1199951171875,214.7588348388672,917800
2021-03-17,221.75999450683594,225.52999877929688,220.30999755859375,225.49000549316406,219.00314331054688,939300
2021-03-18,227.00999450683594,236.44000244140625,225.6699981689453,226.89999389648438,220.37257385253906,1623900
2021-03-19,225.17999267578125,230.33999633789062,221.89999389648438,228.42999267578125,221.85855102539062,3287000
2021-03-22,228.4199981689453,230.0800018310547,225.8300018310547,229.17999267578125,222.58697509765625,918000
2021-03-23,227.7899932861328,229.16000366210938,220.82000732421875,221.57000732421875,215.19590759277344,768100
2021-03-24,223.60000610351562,228.3800048828125,222.47000122070312,222.47000122070312,216.07003784179688,624700
2021-03-25,222.52999877929688,228.39999389648438,219.17999267578125,227.69000244140625,221.13983154296875,678900
2021-03-26,229.50999450683594,232.66000366210938,226.5399932861328,232.5800018310547,225.88917541503906,713900
2021-03-29,229.85000610351562,231.67999267578125,226.11000061035156,229.27999877929688,222.68411254882812,574100
2021-03-30,230.44000244140625,233.86000061035156,230.38999938964844,232.8000030517578,226.10287475585938,360100
2021-03-31,232.52999877929688,235.16000366210938,231.69000244140625,232.4499969482422,225.76290893554688,627500
2021-04-01,234.0500030517578,235.5500030517578,232.69000244140625,235.41000366210938,228.6377716064453,494700
2021-04-05,238.4499969482422,240.52000427246094,235.97000122070312,238.27999877929688,231.4251708984375,551600
2021-04-06,238.2899932861328,239.64999389648438,235.74000549316406,236.42999267578125,229.62841796875,409800
2021-04-07,237.11000061035156,238.91000366210938,235.14999389648438,238.08999633789062,231.24066162109375,373600
2021-04-08,237.6699981689453,238.1999969482422,234.72000122070312,237.05999755859375,230.2403106689453,330500
2021-04-09,239.32000732421875,241.17999267578125,237.89999389648438,240.7899932861328,233.86297607421875,434500
2021-04-12,241.75,246.38999938964844,240.86000061035156,245.6699981689453,238.6026153564453,578500
2021-04-13,244.44000244140625,245.0500030517578,240.99000549316406,243.2899932861328,236.2910614013672,626900
2021-04-14,242.9199981689453,248.6300048828125,241.80999755859375,246.92999267578125,239.82635498046875,624200
2021-04-15,248.0399932861328,249.27000427246094,244.77000427246094,247.52000427246094,240.39939880371094,560900
2021-04-16,248.97999572753906,249.22000122070312,246.25999450683594,248.77000427246094,241.61343383789062,547300
2021-04-19,248.6999969482422,249.6699981689453,246.02999877929688,246.7100067138672,239.61268615722656,422400
2021-04-20,245.02000427246094,245.64999389648438,240.36000061035156,242.3800048828125,235.40725708007812,654400
2021-04-21,240.9499969482422,247.60000610351562,240.42999267578125,247.3300018310547,240.21485900878906,441000
2021-04-22,247.5399932861328,247.5399932861328,242.17999267578125,242.89999389648438,235.91226196289062,479100
2021-04-23,243.85000610351562,250.0,242.64999389648438,249.13999938964844,241.97276306152344,503000
2021-04-26,249.6300048828125,251.25999450683594,247.1699981689453,247.5,240.37994384765625,602600
2021-04-27,250.99000549316406,259.6400146484375,250.99000549316406,256.5299987792969,249.15017700195312,774000
2021-04-28,256.4100036621094,257.7200012207031,254.75999450683594,256.6199951171875,249.23760986328125,500500
2021-04-29,260.0,261.8399963378906,257.5299987792969,260.8399963378906,253.33616638183594,611100
2021-04-30,259.70001220703125,260.7799987792969,256.2699890136719,258.3999938964844,250.96636962890625,818000
2021-05-03,261.2300109863281,261.739990234375,256.92999267578125,257.8500061035156,250.43223571777344,748100
2021-05-04,256.0299987792969,258.3800048828125,252.0800018310547,257.5299987792969,250.12142944335938,745000
2021-05-05,259.9599914550781,262.8999938964844,257.19000244140625,261.25,253.734375,471800
2021-05-06,261.29998779296875,263.739990234375,258.4800109863281,263.6000061035156,256.0168151855469,492500
2021-05-07,259.7300109863281,266.4100036621094,258.8599853515625,265.6499938964844,259.1186218261719,495900
2021-05-10,266.4800109863281,269.2900085449219,264.05999755859375,264.1000061035156,257.6067199707031,410500
2021-05-11,260.0899963378906,261.70001220703125,255.02000427246094,258.1499938964844,251.80300903320312,639900
2021-05-12,258.989990234375,261.45001220703125,249.61000061035156,250.83999633789062,244.67274475097656,779500
2021-05-13,249.60000610351562,256.05999755859375,249.60000610351562,253.9199981689453,247.677001953125,664400
2021-05-14,254.9600067138672,260.2200012207031,252.99000549316406,258.3399963378906,251.98834228515625,509600
2021-05-17,256.760009765625,258.6300048828125,254.07000732421875,257.1499938964844,250.8275909423828,512500
2021-05-18,257.4200134277344,259.04998779296875,252.5,252.77999877929688,246.56503295898438,746800
2021-05-19,248.24000549316406,252.41000366210938,247.30999755859375,252.25999450683594,246.0578155517578,609000
2021-05-20,252.6300048828125,255.24000549316406,250.72000122070312,252.74000549316406,246.52603149414062,477700
2021-05-21,253.3800048828125,256.8900146484375,253.3800048828125,254.27000427246094,248.01841735839844,715400
2021-05-24,255.80999755859375,256.4800109863281,253.50999450683594,254.7100067138672,248.4475860595703,441800
2021-05-25,256.19000244140625,258.9800109863281,253.49000549316406,253.5,247.267333984375,844500
2021-05-26,254.97999572753906,257.3900146484375,252.2899932861328,255.72999572753906,249.4425048828125,655100
2021-05-27,258.6400146484375,260.9599914550781,256.8399963378906,260.29998779296875,253.900146484375,1849900
2021-05-28,261.30999755859375,261.5,256.8999938964844,259.8399963378906,253.45144653320312,625300
2021-06-01,263.1600036621094,263.7900085449219,260.4100036621094,262.2799987792969,255.83145141601562,599200
2021-06-02,262.2799987792969,263.05999755859375,259.1300048828125,262.69000244140625,256.2314147949219,463600
2021-06-03,261.8299865722656,266.45001220703125,260.9700012207031,263.82000732421875,257.3336181640625,514300
2021-06-04,263.6499938964844,265.57000732421875,261.3699951171875,265.4100036621094,258.884521484375,377700
2021-06-07,266.82000732421875,266.82000732421875,264.3599853515625,264.8599853515625,258.3480224609375,414900
2021-06-08,263.5299987792969,265.0799865722656,260.30999755859375,263.9100036621094,257.4214172363281,462400
2021-06-09,262.260009765625,263.19000244140625,260.30999755859375,260.7200012207031,254.309814453125,649600
2021-06-10,263.30999755859375,264.3900146484375,256.8500061035156,257.32000732421875,250.99343872070312,496900
2021-06-11,258.1199951171875,259.07000732421875,257.2699890136719,258.55999755859375,252.20294189453125,560100
2021-06-14,258.260009765625,258.5,253.27000427246094,254.6199951171875,248.3598175048828,903100
2021-06-15,254.00999450683594,256.8900146484375,252.13999938964844,254.9199981689453,248.6524200439453,711500
2021-06-16,254.14999389648438,255.22999572753906,249.25,253.61000061035156,247.3746337890625,958100
2021-06-17,254.64999389648438,254.64999389648438,243.4600067138672,244.9600067138672,238.93731689453125,839300
2021-06-18,240.27999877929688,240.7100067138672,236.35000610351562,236.66000366210938,230.84140014648438,1336300
2021-06-21,239.27000427246094,242.27999877929688,238.72999572753906,241.35000610351562,235.41607666015625,632400
2021-06-22,241.42999267578125,244.74000549316406,239.1300048828125,242.97000122070312,236.99623107910156,906800
2021-06-23,242.99000549316406,244.49000549316406,241.3300018310547,243.07000732421875,237.0937957763672,629200
2021-06-24,245.36000061035156,246.0,242.41000366210938,245.44000244140625,239.405517578125,572100
2021-06-25,246.75999450683594,249.88999938964844,246.0800018310547,248.63999938964844,242.52682495117188,2011000
2021-06-28,247.77999877929688,248.3300018310547,245.44000244140625,246.57000732421875,240.50775146484375,613000
2021-06-29,248.75,250.2899932861328,247.30999755859375,248.19000244140625,242.08790588378906,584900
2021-06-30,247.25999450683594,249.77999877929688,247.05999755859375,248.8800048828125,242.7609405517578,590300
2021-07-01,250.3699951171875,252.1999969482422,249.0500030517578,250.99000549316406,244.8190460205078,537200
2021-07-02,250.5399932861328,251.64999389648438,250.07000732421875,250.9199981689453,244.75074768066406,372200
2021-07-06,250.02000427246094,250.66000366210938,246.0,247.19000244140625,241.11248779296875,457600
2021-07-07,245.0500030517578,249.1300048828125,245.0500030517578,248.92999267578125,242.8096923828125,517500
2021-07-08,245.07000732421875,246.82000732421875,240.4199981689453,241.3300018310547,235.39654541015625,672700
2021-07-09,245.52999877929688,249.05999755859375,244.2100067138672,248.9499969482422,242.82920837402344,564500
2021-07-12,246.72999572753906,252.1699981689453,246.63999938964844,251.64999389648438,245.4628143310547,443200
2021-07-13,251.57000732421875,251.97999572753906,248.63999938964844,249.60000610351562,243.46324157714844,395300
2021-07-14,249.25999450683594,251.32000732421875,245.0399932861328,246.85000610351562,240.78085327148438,422800
2021-07-15,244.8300018310547,250.8300018310547,244.67999267578125,248.86000061035156,242.74142456054688,452100
2021-07-16,249.6300048828125,250.1199951171875,246.66000366210938,246.77999877929688,240.7125701904297,486300
2021-07-19,241.9499969482422,242.22999572753906,236.5500030517578,238.11000061035156,232.25572204589844,478000
2021-07-20,237.88999938964844,247.3699951171875,237.88999938964844,245.82000732421875,239.7761688232422,486700
2021-07-21,248.4600067138672,252.77999877929688,247.7100067138672,251.1199951171875,244.94586181640625,475300
2021-07-22,250.13999938964844,250.52000427246094,246.6999969482422,246.8800048828125,240.8101043701172,457700
2021-07-23,248.1999969482422,250.69000244140625,247.83999633789062,248.88999938964844,242.77069091796875,445000
2021-07-26,249.49000549316406,252.44000244140625,248.52999877929688,251.14999389648438,244.97511291503906,368700
2021-07-27,241.74000549316406,252.30999755859375,241.74000549316406,249.5500030517578,243.41445922851562,714200
2021-07-28,251.5500030517578,254.27000427246094,248.88999938964844,252.05999755859375,245.86273193359375,532300
2021-07-29,254.82000732421875,260.04998779296875,253.2899932861328,259.2099914550781,252.83694458007812,556700
2021-07-30,258.510009765625,261.9200134277344,257.3500061035156,257.55999755859375,251.2274932861328,457100
2021-08-02,259.6199951171875,263.1499938964844,257.8800048828125,258.4200134277344,252.06637573242188,444100
2021-08-03,259.04998779296875,260.5400085449219,254.61000061035156,259.8699951171875,253.48074340820312,380700
2021-08-04,257.3299865722656,260.0299987792969,255.2899932861328,255.55999755859375,249.2766876220703,339700
2021-08-05,257.6700134277344,261.70001220703125,256.5199890136719,261.69000244140625,255.2559814453125,370700
2021-08-06,263.3800048828125,266.42999267578125,262.45001220703125,265.5899963378906,260.1835632324219,379800
2021-08-09,264.92999267578125,267.0400085449219,262.5299987792969,265.6099853515625,260.203125,289700
2021-08-10,266.1199951171875,270.3900146484375,264.42999267578125,268.42999267578125,262.96575927734375,354100
2021-08-11,268.45001220703125,272.94000244140625,267.7300109863281,271.32000732421875,265.79693603515625,546400
2021-08-12,269.79998779296875,273.17999267578125,269.6099853515625,272.79998779296875,267.2467956542969,345800
2021-08-13,272.80999755859375,273.5899963378906,270.45001220703125,272.1700134277344,266.6296691894531,300400
2021-08-16,270.8399963378906,272.4100036621094,268.45001220703125,271.260009765625,265.7381591796875,321700
2021-08-17,268.9700012207031,270.8599853515625,265.69000244140625,268.7300109863281,263.2596435546875,397600
2021-08-18,267.44000244140625,269.25,263.6600036621094,264.0199890136719,258.6455078125,413000
2021-08-19,260.07000732421875,264.4200134277344,258.6700134277344,260.3599853515625,255.06002807617188,467000
2021-08-20,260.6099853515625,263.6700134277344,259.7200012207031,261.6000061035156,256.2748107910156,511400
2021-08-23,263.0799865722656,266.3299865722656,262.0,265.0199890136719,259.62518310546875,471500
2021-08-24,265.57000732421875,268.7200012207031,265.29998779296875,268.1400146484375,262.68170166015625,282500
2021-08-25,269.2200012207031,274.2200012207031,268.4800109863281,272.67999267578125,267.1292419433594,309500
2021-08-26,273.3399963378906,273.3399963378906,269.989990234375,270.0199890136719,264.52337646484375,355800
2021-08-27,270.8699951171875,276.5899963378906,270.5400085449219,276.4200134277344,270.7931823730469,578500
2021-08-30,277.6300048828125,277.95001220703125,272.7099914550781,272.7799987792969,267.2272033691406,286600
2021-08-31,272.9700012207031,274.5,271.42999267578125,272.9100036621094,267.3545837402344,609600
2021-09-01,272.45001220703125,273.1700134277344,268.5799865722656,272.2799987792969,266.7373962402344,439900
2021-09-02,273.5899963378906,274.6400146484375,272.2900085449219,273.94000244140625,268.3636169433594,345900
2021-09-03,272.9800109863281,275.0,271.44000244140625,272.3500061035156,266.8059997558594,388200
2021-09-07,271.9700012207031,274.1099853515625,269.80999755859375,269.8399963378906,264.3470458984375,374900
2021-09-08,269.6499938964844,271.0,267.3299865722656,269.1000061035156,263.62213134765625,334400
2021-09-09,269.010009765625,273.2300109863281,268.5,269.54998779296875,264.0629577636719,351400
2021-09-10,272.2200012207031,272.2200012207031,266.6499938964844,266.7300109863281,261.3004150390625,370900
2021-09-13,270.010009765625,270.5199890136719,266.9700012207031,269.5899963378906,264.1021728515625,372600
2021-09-14,269.94000244140625,271.3299865722656,265.8399963378906,266.5799865722656,261.1534118652344,432900
2021-09-15,267.0400085449219,273.07000732421875,266.0,271.2699890136719,265.7479553222656,540200
2021-09-16,272.2799987792969,273.6499938964844,268.7200012207031,271.25,265.72833251953125,390300
2021-09-17,270.4800109863281,273.7099914550781,267.70001220703125,269.54998779296875,264.0629577636719,1194200
2021-09-20,262.5299987792969,262.5299987792969,251.49000549316406,256.30999755859375,251.0924835205078,810000
2021-09-21,258.69000244140625,258.739990234375,252.1999969482422,253.5,248.33969116210938,519200
2021-09-22,257.20001220703125,260.75,255.8699951171875,259.1300048828125,253.8551025390625,442900
2021-09-23,261.95001220703125,270.2300109863281,261.9100036621094,267.75,262.29962158203125,425500
2021-09-24,267.29998779296875,272.17999267578125,267.25,271.3999938964844,265.87530517578125,385400
2021-09-27,272.17999267578125,278.4599914550781,272.17999267578125,277.6000061035156,271.9490966796875,493900
2021-09-28,276.94000244140625,279.0,270.7900085449219,271.1499938964844,265.63037109375,509000
2021-09-29,272.1400146484375,273.1700134277344,269.55999755859375,270.7099914550781,265.1993713378906,331400
2021-09-30,272.5400085449219,273.260009765625,263.9800109863281,264.1199951171875,258.7434997558594,581300
2021-10-01,265.5199890136719,270.42999267578125,262.8900146484375,268.5299987792969,263.063720703125,484200
2021-10-04,266.82000732421875,271.79998779296875,263.45001220703125,264.8900146484375,259.4978332519531,444600
2021-10-05,266.8699951171875,274.0199890136719,266.0400085449219,272.92999267578125,267.3741760253906,494800
2021-10-06,268.8699951171875,273.8399963378906,267.0299987792969,273.19000244140625,267.6288757324219,477000
2021-10-07,275.7300109863281,280.8900146484375,275.7300109863281,276.3500061035156,270.72454833984375,512100
2021-10-08,276.6000061035156,281.6700134277344,275.54998779296875,279.1000061035156,273.4185485839844,380900
2021-10-11,278.8299865722656,284.0899963378906,277.17999267578125,277.2300109863281,271.58660888671875,400300
2021-10-12,277.9800109863281,280.7900085449219,274.5799865722656,279.489990234375,273.80059814453125,397700
2021-10-13,279.3500061035156,279.739990234375,272.9800109863281,278.3500061035156,272.6838684082031,356400
2021-10-14,282.1499938964844,285.94000244140625,280.1499938964844,285.8299865722656,280.0115661621094,456400
2021-10-15,289.42999267578125,292.29998779296875,287.4800109863281,289.8699951171875,283.9693298339844,466000
2021-10-18,289.239990234375,290.6000061035156,286.8999938964844,289.010009765625,283.1268615722656,343200
2021-10-19,290.8500061035156,293.75,289.5,293.17999267578125,287.2119445800781,304300
2021-10-20,292.1099853515625,297.3800048828125,291.4100036621094,296.7300109863281,290.689697265625,322500
2021-10-21,296.20001220703125,298.0,294.7699890136719,296.1099853515625,290.082275390625,346200
2021-10-22,296.6199951171875,298.94000244140625,295.32000732421875,298.20001220703125,292.1297607421875,607000
2021-10-25,299.29998779296875,300.5799865722656,297.1099853515625,298.0,291.9338073730469,451100
2021-10-26,299.760009765625,301.0,297.30999755859375,297.30999755859375,291.25787353515625,480300
2021-10-27,305.0,307.54998779296875,295.5,296.32000732421875,290.2880554199219,595900
2021-10-28,297.8800048828125,303.6099853515625,297.8800048828125,303.5299987792969,297.351318359375,559500
2021-10-29,302.6400146484375,306.260009765625,300.6600036621094,302.1300048828125,295.97979736328125,533300
2021-11-01,303.4800109863281,305.9700012207031,301.5899963378906,305.7699890136719,299.5456848144531,381700
2021-11-02,306.0,309.989990234375,305.760009765625,307.8699951171875,301.6029052734375,572000
2021-11-03,305.8399963378906,311.17999267578125,305.8399963378906,310.239990234375,303.9246520996094,386800
2021-11-04,309.70001220703125,309.9800109863281,303.7099914550781,306.69000244140625,300.44696044921875,439600
2021-11-05,308.29998779296875,310.260009765625,304.8800048828125,305.239990234375,300.1322937011719,402800
2021-11-08,307.1499938964844,309.1000061035156,305.7300109863281,306.92999267578125,301.79400634765625,395200
2021-11-09,305.1199951171875,306.8900146484375,302.54998779296875,305.20001220703125,300.0929870605469,496700
2021-11-10,303.489990234375,308.25,302.20001220703125,304.8299865722656,299.7291259765625,395700
2021-11-11,304.3500061035156,308.1199951171875,303.5400085449219,306.1099853515625,300.9877014160156,346000
2021-11-12,305.9800109863281,309.05999755859375,304.20001220703125,308.5299987792969,303.36724853515625,328100
2021-11-15,308.8500061035156,310.54998779296875,306.8299865722656,307.67999267578125,302.5314636230469,376900
2021-11-16,308.0799865722656,312.1499938964844,305.6000061035156,308.67999267578125,303.51470947265625,456500
2021-11-17,308.0,308.54998779296875,301.5799865722656,302.4100036621094,297.34967041015625,565300
2021-11-18,304.1000061035156,305.4599914550781,300.2300109863281,303.1700134277344,298.0969543457031,414800
2021-11-19,300.04998779296875,301.92999267578125,295.0899963378906,299.54998779296875,294.5374755859375,781000
2021-11-22,303.2200012207031,306.4100036621094,299.07000732421875,301.30999755859375,296.26806640625,580000
2021-11-23,301.3500061035156,304.6300048828125,299.7200012207031,303.9700012207031,298.8835754394531,513600
2021-11-24,301.5299987792969,303.7699890136719,299.17999267578125,302.4599914550781,297.3988037109375,435100
2021-11-26,291.75,294.9700012207031,285.510009765625,291.739990234375,286.8581848144531,499200
2021-11-29,297.6499938964844,297.6499938964844,288.4100036621094,293.7099914550781,288.79522705078125,574000
2021-11-30,289.0199890136719,291.6499938964844,285.29998779296875,289.6000061035156,284.7539978027344,2654100
2021-12-01,296.45001220703125,299.3599853515625,284.7200012207031,284.94000244140625,280.1719970703125,827100
2021-12-02,287.70001220703125,297.2799987792969,286.20001220703125,295.7799987792969,290.8305969238281,549000
2021-12-03,297.20001220703125,297.57000732421875,286.3900146484375,290.20001220703125,285.343994140625,656000
2021-12-06,293.8399963378906,296.29998779296875,290.9200134277344,293.6400146484375,288.7264099121094,591900
2021-12-07,298.55999755859375,303.1700134277344,297.94000244140625,301.5799865722656,296.5335388183594,468200
2021-12-08,301.04998779296875,304.3800048828125,298.760009765625,300.5799865722656,295.5502624511719,548300
2021-12-09,298.82000732421875,300.2300109863281,296.489990234375,297.3500061035156,292.37432861328125,445600
2021-12-10,299.489990234375,299.94000244140625,293.3699951171875,297.80999755859375,292.8266296386719,637400
2021-12-13,297.3699951171875,297.3699951171875,291.2900085449219,292.8399963378906,287.9397888183594,589700
2021-12-14,292.010009765625,296.1300048828125,291.20001220703125,292.239990234375,287.3498229980469,840400
2021-12-15,293.4800109863281,298.29998779296875,290.1400146484375,298.239990234375,293.2494201660156,545600
2021-12-16,302.32000732421875,305.5,298.739990234375,300.2300109863281,295.20611572265625,609500
2021-12-17,298.8699951171875,299.7099914550781,292.20001220703125,294.6300048828125,289.6998291015625,1524500
2021-12-20,290.45001220703125,290.45001220703125,278.69000244140625,283.82000732421875,279.0707092285156,613700
2021-12-21,287.80999755859375,295.6300048828125,287.7099914550781,294.5,289.572021484375,541800
2021-12-22,294.79998779296875,299.6600036621094,293.989990234375,298.69000244140625,293.69189453125,371900
2021-12-23,299.8399963378906,304.1300048828125,299.8399963378906,302.2799987792969,297.2218322753906,345900
2021-12-27,304.45001220703125,307.739990234375,302.739990234375,307.3900146484375,302.2463684082031,332500
2021-12-28,305.3900146484375,310.0,305.3800048828125,305.6700134277344,300.55511474609375,547400
2021-12-29,305.69000244140625,308.5400085449219,304.3299865722656,305.4100036621094,300.2994384765625,333800
2021-12-30,306.29998779296875,307.6099853515625,301.6199951171875,301.9700012207031,296.91705322265625,251400
2021-12-31,301.0799865722656,303.80999755859375,301.0799865722656,301.6600036621094,296.6121826171875,282600
2022-01-03,303.67999267578125,306.3399963378906,302.4200134277344,304.260009765625,299.168701171875,390500
2022-01-04,308.5400085449219,319.4700012207031,306.2300109863281,318.0799865722656,312.7574157714844,819500
2022-01-05,323.20001220703125,323.3500061035156,314.510009765625,314.94000244140625,309.66998291015625,736100
2022-01-06,317.70001220703125,320.0799865722656,314.05999755859375,319.20001220703125,313.8587341308594,512800
2022-01-07,319.4700012207031,320.20001220703125,316.2699890136719,319.3299865722656,313.98651123046875,587300
2022-01-10,321.0,321.0,312.1300048828125,318.6499938964844,313.3179016113281,651100
2022-01-11,319.8900146484375,326.4599914550781,316.69000244140625,326.0299987792969,320.57440185546875,488200
2022-01-12,326.8500061035156,330.4200134277344,324.7200012207031,328.20001220703125,322.7080993652344,453300
2022-01-13,328.8900146484375,332.3699951171875,326.2799987792969,327.32000732421875,321.8428039550781,500300
2022-01-14,320.57000732421875,328.7200012207031,319.94000244140625,328.5799865722656,323.08172607421875,589100
2022-01-18,324.3399963378906,324.55999755859375,315.7099914550781,319.20001220703125,313.8587341308594,515300
2022-01-19,321.510009765625,321.510009765625,310.79998779296875,311.8299865722656,306.6120300292969,611800
2022-01-20,313.4200134277344,318.55999755859375,308.9599914550781,309.3999938964844,304.22271728515625,403600
2022-01-21,307.8999938964844,307.8999938964844,298.55999755859375,299.3800048828125,294.3703918457031,879700
2022-01-24,290.8800048828125,301.6099853515625,283.80999755859375,300.9599914550781,295.9239196777344,839600
2022-01-25,294.7099914550781,302.0,289.1400146484375,298.5299987792969,293.5345764160156,620300
2022-01-26,304.57000732421875,307.79998779296875,294.3999938964844,298.7900085449219,293.7902526855469,929400
2022-01-27,300.010009765625,317.42999267578125,298.8699951171875,303.7099914550781,298.6278991699219,1051300
2022-01-28,300.7900085449219,300.989990234375,287.3399963378906,298.0899963378906,293.1019592285156,922600
2022-01-31,296.6300048828125,305.30999755859375,295.30999755859375,304.30999755859375,299.21783447265625,1083900
2022-02-01,306.1499938964844,308.8900146484375,300.57000732421875,308.1000061035156,302.9444580078125,1098100
2022-02-02,308.8800048828125,313.7699890136719,307.1700134277344,313.2099914550781,307.9689636230469,664900
2022-02-03,309.17999267578125,311.4800109863281,303.7900085449219,304.25,299.1588439941406,645000
2022-02-04,304.4100036621094,310.8900146484375,303.17999267578125,308.1000061035156,302.9444580078125,796100
2022-02-07,307.95001220703125,314.4800109863281,306.92999267578125,311.9100036621094,306.6907043457031,821100
2022-02-08,313.95001220703125,315.9200134277344,312.739990234375,315.32000732421875,310.04364013671875,702800
2022-02-09,319.19000244140625,322.67999267578125,317.5799865722656,319.1600036621094,313.8193664550781,656000
2022-02-10,314.7699890136719,323.9700012207031,313.5899963378906,315.8999938964844,311.7175598144531,840300
2022-02-11,315.20001220703125,318.1600036621094,302.260009765625,304.0,299.9751281738281,756200
2022-02-14,304.30999755859375,307.2699890136719,296.1000061035156,300.95001220703125,296.96551513671875,794400
2022-02-15,304.6099853515625,310.4599914550781,302.8599853515625,308.489990234375,304.4056396484375,745600
2022-02-16,305.8699951171875,313.75,305.8699951171875,312.1099853515625,307.9776916503906,584700
2022-02-17,307.1700134277344,309.260009765625,298.739990234375,299.3999938964844,295.4360046386719,470400
2022-02-18,298.3500061035156,304.54998779296875,298.3500061035156,300.55999755859375,296.5806579589844,640300
2022-02-22,299.4700012207031,302.0299987792969,294.19000244140625,297.3999938964844,293.4624938964844,556100
2022-02-23,300.4700012207031,302.1400146484375,291.2799987792969,291.55999755859375,287.6998291015625,706300
2022-02-24,282.1700134277344,290.1600036621094,278.9100036621094,289.3599853515625,285.5289611816406,911300
2022-02-25,291.1000061035156,303.4700012207031,290.95001220703125,302.7699890136719,298.7613830566406,744900
2022-02-28,293.45001220703125,303.1400146484375,292.32000732421875,299.7900085449219,295.82086181640625,776300
2022-03-01,294.45001220703125,296.20001220703125,277.42999267578125,279.07000732421875,275.3752136230469,1009200
2022-03-02,281.8399963378906,293.42999267578125,281.8399963378906,289.8999938964844,286.0617980957031,651100
2022-03-03,290.04998779296875,292.4700012207031,285.95001220703125,290.3999938964844,286.55517578125,513000
2022-03-04,282.8599853515625,284.989990234375,276.6000061035156,281.489990234375,277.7631530761719,660500
2022-03-07,278.42999267578125,279.1600036621094,264.69000244140625,264.9200134277344,261.41253662109375,808800
2022-03-08,267.0299987792969,271.1499938964844,258.1700134277344,261.3900146484375,257.9292907714844,1056100
2022-03-09,273.32000732421875,279.2099914550781,272.5199890136719,274.5199890136719,270.8854064941406,625600
2022-03-10,268.7300109863281,273.8699951171875,267.9200134277344,272.5400085449219,268.931640625,520800
2022-03-11,276.7099914550781,277.9100036621094,271.6700134277344,271.8699951171875,268.2705078125,451400
2022-03-14,276.7200012207031,279.4800109863281,272.1099853515625,273.6000061035156,269.97760009765625,492300
2022-03-15,276.489990234375,279.8500061035156,274.2799987792969,279.5899963378906,275.8882751464844,578300
2022-03-16,284.1000061035156,296.30999755859375,284.1000061035156,294.4700012207031,290.5712890625,838000
2022-03-17,290.5799865722656,299.8999938964844,289.7300109863281,299.8999938964844,295.9294128417969,616600
2022-03-18,299.7699890136719,301.5199890136719,293.4100036621094,300.82000732421875,296.83721923828125,1157300
2022-03-21,302.3500061035156,304.2900085449219,296.29998779296875,298.8500061035156,294.893310546875,536800
2022-03-22,302.7799987792969,308.2099914550781,301.489990234375,307.4800109863281,303.4090576171875,603700
2022-03-23,305.1000061035156,309.19000244140625,302.3599853515625,303.1600036621094,299.146240234375,494500
2022-03-24,304.5400085449219,311.7799987792969,302.1099853515625,311.7200012207031,307.5928955078125,663600
2022-03-25,312.3599853515625,316.17999267578125,310.8500061035156,314.6300048828125,310.46435546875,706700
2022-03-28,314.7799987792969,314.9700012207031,307.95001220703125,311.1000061035156,306.9811096191406,672000
2022-03-29,317.2799987792969,318.489990234375,310.3900146484375,312.2200012207031,308.0863037109375,551600
2022-03-30,312.2200012207031,312.4200134277344,309.0799865722656,310.6000061035156,306.48773193359375,431400
2022-03-31,309.25,311.5299987792969,300.3599853515625,300.3599853515625,296.3832702636719,751000
2022-04-01,303.510009765625,305.3800048828125,295.4200134277344,297.4100036621094,293.4723815917969,609400
2022-04-04,298.6000061035156,303.5299987792969,294.5199890136719,297.5299987792969,293.5907897949219,571000
2022-04-05,296.3299865722656,300.79998779296875,295.6300048828125,298.5400085449219,294.5874328613281,618100
2022-04-06,292.0199890136719,295.3800048828125,290.9100036621094,292.260009765625,288.3905334472656,732400
2022-04-07,291.0899963378906,293.5799865722656,284.9800109863281,289.29998779296875,285.4697570800781,626800
2022-04-08,289.32000732421875,295.1700134277344,287.4200134277344,293.0400085449219,289.1602478027344,461300
2022-04-11,293.760009765625,297.8999938964844,290.510009765625,290.760009765625,286.910400390625,417700
2022-04-12,290.260009765625,295.17999267578125,286.8999938964844,287.94000244140625,284.1277770996094,595000
2022-04-13,285.739990234375,293.0899963378906,285.739990234375,292.739990234375,288.8641662597656,395300
2022-04-14,292.94000244140625,296.07000732421875,290.5400085449219,290.7300109863281,286.88079833984375,424800
2022-04-18,288.70001220703125,291.4200134277344,286.3299865722656,290.3999938964844,286.55517578125,534300
2022-04-19,292.6700134277344,298.6099853515625,291.6300048828125,297.6300048828125,293.689453125,540500
2022-04-20,300.260009765625,303.9599914550781,299.6000061035156,300.8399963378906,296.8569641113281,553900
2022-04-21,305.0,305.6199951171875,290.6300048828125,291.7099914550781,287.8478088378906,571400
2022-04-22,289.8699951171875,291.19000244140625,279.8399963378906,280.0799865722656,276.3717956542969,723800
2022-04-25,276.6099853515625,282.2099914550781,272.0299987792969,280.9599914550781,277.24017333984375,823900
2022-04-26,270.0,279.8800048828125,263.55999755859375,264.54998779296875,261.04742431640625,1268700
2022-04-27,264.010009765625,269.8299865722656,263.2699890136719,266.2099914550781,262.6854553222656,684400
2022-04-28,268.6600036621094,274.5,265.239990234375,272.9100036621094,269.2967529296875,596900
2022-04-29,271.2300109863281,275.1400146484375,264.57000732421875,265.489990234375,261.9750061035156,771200
2022-05-02,267.30999755859375,269.45001220703125,263.17999267578125,268.80999755859375,265.2510070800781,727200
2022-05-03,270.54998779296875,274.8999938964844,268.7900085449219,272.0899963378906,268.48760986328125,518800
2022-05-04,271.79998779296875,284.2699890136719,269.69000244140625,283.5199890136719,279.7662353515625,737100
2022-05-05,279.2300109863281,280.8699951171875,267.8299865722656,270.70001220703125,267.1159973144531,602200
2022-05-06,268.3699951171875,270.6300048828125,262.1700134277344,266.6000061035156,264.2906799316406,665800
2022-05-09,262.04998779296875,265.1000061035156,257.3900146484375,259.6400146484375,257.3909912109375,782300
2022-05-10,263.1400146484375,266.17999267578125,253.89999389648438,259.3900146484375,257.1431579589844,901000
2022-05-11,258.9599914550781,266.3699951171875,255.66000366210938,256.4100036621094,254.18894958496094,717400
2022-05-12,253.17999267578125,257.2699890136719,246.02999877929688,250.97000122070312,248.7960662841797,888800
2022-05-13,255.0,262.69000244140625,254.9499969482422,261.6099853515625,259.3438720703125,719200
2022-05-16,260.30999755859375,263.7900085449219,256.7799987792969,260.55999755859375,258.302978515625,537400
2022-05-17,267.0400085449219,269.6199951171875,264.4200134277344,269.04998779296875,266.7194519042969,566500
2022-05-18,265.0,266.67999267578125,259.0899963378906,259.9200134277344,257.6685485839844,622800
2022-05-19,255.02999877929688,261.010009765625,253.1999969482422,253.9199981689453,251.72052001953125,730000
2022-05-20,257.2300109863281,259.2099914550781,248.77999877929688,256.010009765625,253.79241943359375,717300
2022-05-23,262.29998779296875,265.1300048828125,259.5,263.0400085449219,260.76153564453125,519100
2022-05-24,260.739990234375,261.6700134277344,253.1699981689453,260.6300048828125,258.3724060058594,574700
2022-05-25,259.20001220703125,266.79998779296875,259.20001220703125,265.25,262.9523620605469,581300
2022-05-26,268.4700012207031,275.3399963378906,268.4700012207031,274.3299865722656,271.9537048339844,592000
2022-05-27,275.2300109863281,280.1400146484375,274.8900146484375,278.489990234375,276.0776672363281,660300
2022-05-31,275.5400085449219,279.1400146484375,272.9800109863281,276.2699890136719,273.87689208984375,1919600
2022-06-01,276.0400085449219,277.45001220703125,267.239990234375,270.44000244140625,268.097412109375,515500
2022-06-02,271.0299987792969,275.7699890136719,268.1700134277344,275.6099853515625,273.22259521484375,412800
2022-06-03,272.05999755859375,274.5799865722656,271.0400085449219,271.3500061035156,268.99951171875,400900
2022-06-06,274.010009765625,277.29998779296875,272.17999267578125,274.2799987792969,271.9041442871094,359400
2022-06-07,271.55999755859375,277.2699890136719,269.82000732421875,277.05999755859375,274.6600646972656,446200
2022-06-08,274.07000732421875,276.42999267578125,271.6499938964844,272.1600036621094,269.8025207519531,369800
2022-06-09,271.989990234375,272.4800109863281,265.55999755859375,265.70001220703125,263.39849853515625,469700
2022-06-10,259.2799987792969,259.989990234375,251.5500030517578,251.5800018310547,249.40078735351562,471500
2022-06-13,243.02999877929688,245.30999755859375,238.61000061035156,240.39999389648438,238.317626953125,580600
2022-06-14,242.02000427246094,245.22000122070312,240.74000549316406,243.07000732421875,240.96450805664062,631400
2022-06-15,246.17999267578125,250.5399932861328,241.6300048828125,246.47999572753906,244.34495544433594,534600
2022-06-16,237.67999267578125,238.77000427246094,233.5800018310547,235.60000610351562,233.5592041015625,635100
2022-06-17,237.67999267578125,239.27000427246094,233.16000366210938,235.10000610351562,233.06353759765625,1066600
2022-06-21,242.42999267578125,243.32000732421875,239.22999572753906,242.60000610351562,240.49856567382812,579700
2022-06-22,238.5,242.6300048828125,237.86000061035156,241.11000061035156,239.021484375,541200
2022-06-23,241.7100067138672,242.52999877929688,235.07000732421875,239.55999755859375,237.48489379882812,479000
2022-06-24,237.77999877929688,249.36000061035156,237.77999877929688,249.2899932861328,247.130615234375,954700
2022-06-27,251.0,251.64999389648438,246.00999450683594,247.22999572753906,245.0884552001953,637700
2022-06-28,250.66000366210938,252.77999877929688,243.63999938964844,243.75999450683594,241.6485137939453,628700
2022-06-29,244.1300048828125,244.22000122070312,239.36000061035156,240.0,237.9210968017578,1000100
2022-06-30,235.0,241.22000122070312,231.5399932861328,237.67999267578125,235.62118530273438,859700
2022-07-01,236.3699951171875,241.14999389648438,233.99000549316406,237.97000122070312,235.90867614746094,563100
2022-07-05,231.6300048828125,235.41000366210938,228.8300018310547,235.30999755859375,233.27171325683594,779200
2022-07-06,234.1999969482422,237.22000122070312,230.1699981689453,233.57000732421875,231.5467987060547,780200
2022-07-07,236.88999938964844,238.86000061035156,233.82000732421875,238.27000427246094,236.20608520507812,483800
2022-07-08,238.97999572753906,239.1999969482422,233.97999572753906,236.52999877929688,234.4811553955078,494700
2022-07-11,234.32000732421875,235.2100067138672,230.94000244140625,231.39999389648438,229.3955841064453,584300
2022-07-12,229.1199951171875,235.19000244140625,229.1199951171875,231.64999389648438,229.64341735839844,580200
2022-07-13,228.33999633789062,229.8300018310547,223.49000549316406,228.02999877929688,226.05477905273438,557700
2022-07-14,222.4600067138672,223.97999572753906,219.99000549316406,223.1199951171875,221.1873016357422,718900
2022-07-15,227.60000610351562,231.4499969482422,222.42999267578125,230.3300018310547,228.33486938476562,586000
2022-07-18,234.3800048828125,236.1300048828125,228.88999938964844,230.17999267578125,228.18614196777344,464000
2022-07-19,233.8300018310547,238.97999572753906,233.8300018310547,238.0800018310547,236.01771545410156,642100
2022-07-20,237.32000732421875,242.25999450683594,235.74000549316406,242.02999877929688,239.93350219726562,506100
2022-07-21,241.3699951171875,245.5500030517578,238.77999877929688,245.33999633789062,243.21484375,601200
2022-07-22,246.85000610351562,248.67999267578125,242.55999755859375,245.05999755859375,242.937255859375,559200
2022-07-25,247.11000061035156,248.0399932861328,244.77999877929688,246.0399932861328,243.9087677001953,635800
2022-07-26,244.02999877929688,245.0500030517578,239.35000610351562,241.5800018310547,239.48739624023438,778500
2022-07-27,246.74000549316406,257.6300048828125,245.77999877929688,256.5199890136719,254.29798889160156,1007600
2022-07-28,257.5199890136719,263.9599914550781,252.97999572753906,262.5899963378906,260.3153991699219,921900
2022-07-29,262.7699890136719,271.7099914550781,262.7699890136719,269.9200134277344,267.5819396972656,842700
2022-08-01,266.739990234375,270.20001220703125,265.2200012207031,266.55999755859375,264.25103759765625,549800
2022-08-02,264.1199951171875,269.7900085449219,263.8900146484375,264.1099853515625,261.8222351074219,747800
2022-08-03,266.92999267578125,271.989990234375,265.45001220703125,270.05999755859375,267.720703125,590100
2022-08-04,269.29998779296875,272.5,269.0,270.4800109863281,268.1370849609375,498900
2022-08-05,267.25,274.010009765625,267.25,269.05999755859375,267.9677429199219,604200
2022-08-08,271.32000732421875,273.1499938964844,269.7300109863281,270.1700134277344,269.0732727050781,477500
2022-08-09,269.70001220703125,272.75,269.07000732421875,271.3699951171875,270.26837158203125,409000
2022-08-10,277.7099914550781,281.0899963378906,276.8800048828125,280.8999938964844,279.7596740722656,627200
2022-08-11,285.0,286.44000244140625,282.2799987792969,283.32000732421875,282.16986083984375,645700
2022-08-12,284.5299987792969,289.239990234375,282.5,289.1700134277344,287.9961242675781,674900
2022-08-15,286.2200012207031,288.1199951171875,284.8399963378906,286.3399963378906,285.1776123046875,355300
2022-08-16,286.05999755859375,290.239990234375,285.29998779296875,289.05999755859375,287.8865661621094,440200
2022-08-17,284.69000244140625,289.489990234375,284.69000244140625,288.1499938964844,286.9802551269531,423000
2022-08-18,288.6300048828125,292.989990234375,287.6199951171875,291.8299865722656,290.6452941894531,404100
2022-08-19,288.2699890136719,290.0799865722656,283.7300109863281,284.739990234375,283.5840759277344,446100
2022-08-22,279.1199951171875,280.1700134277344,276.4100036621094,276.989990234375,275.86553955078125,413200
2022-08-23,276.79998779296875,280.95001220703125,276.79998779296875,277.3399963378906,276.2141418457031,486500
2022-08-24,276.989990234375,278.7300109863281,275.6199951171875,277.739990234375,276.6125183105469,321000
2022-08-25,279.0799865722656,283.79998779296875,278.8699951171875,283.6499938964844,282.4985046386719,351500
2022-08-26,284.1199951171875,285.70001220703125,274.6600036621094,274.8399963378906,273.7242736816406,531300
2022-08-29,272.6600036621094,273.9700012207031,270.0899963378906,271.1400146484375,270.0393371582031,462800
2022-08-30,272.989990234375,273.3500061035156,267.2099914550781,268.4200134277344,267.3303527832031,402900
2022-08-31,269.55999755859375,271.42999267578125,267.7300109863281,268.010009765625,266.9220275878906,682600
2022-09-01,266.6600036621094,269.510009765625,262.1600036621094,269.17999267578125,268.0872497558594,472800
2022-09-02,272.8999938964844,276.010009765625,266.5799865722656,268.4200134277344,267.3303527832031,435400
2022-09-06,271.0,271.0199890136719,264.67999267578125,268.489990234375,267.4000549316406,462800
2022-09-07,270.0,277.20001220703125,268.2099914550781,276.8599853515625,275.736083984375,575400
2022-09-08,274.7300109863281,282.9700012207031,274.17999267578125,282.3399963378906,281.19384765625,458100
2022-09-09,283.760009765625,287.489990234375,283.760009765625,286.6099853515625,285.4465026855469,536600
2022-09-12,287.79998779296875,291.1400146484375,287.5299987792969,289.239990234375,288.0658264160156,419200
2022-09-13,282.32000732421875,285.2200012207031,276.989990234375,277.7200012207031,276.59259033203125,498600
2022-09-14,278.55999755859375,280.0,274.1499938964844,277.9599914550781,276.83160400390625,550100
2022-09-15,278.2900085449219,281.3299865722656,275.5199890136719,277.3500061035156,276.2240905761719,498500
2022-09-16,273.6499938964844,273.989990234375,268.94000244140625,272.260009765625,271.15478515625,1019000
2022-09-19,269.29998779296875,278.5400085449219,269.2300109863281,278.1400146484375,277.0108947753906,407100
2022-09-20,275.1600036621094,276.57000732421875,272.2300109863281,275.1400146484375,274.0230712890625,380900
2022-09-21,278.1199951171875,279.04998779296875,269.82000732421875,269.8699951171875,268.7744445800781,397900
2022-09-22,270.5199890136719,270.7300109863281,263.92999267578125,264.4800109863281,263.4063415527344,453400
2022-09-23,260.9700012207031,261.80999755859375,253.1199951171875,257.3599853515625,256.31524658203125,455600
2022-09-26,256.07000732421875,258.6199951171875,252.67999267578125,253.16000366210938,252.13230895996094,680800
2022-09-27,257.1099853515625,257.7799987792969,249.35000610351562,252.52000427246094,251.49490356445312,581100
2022-09-28,253.6699981689453,261.0299987792969,250.89999389648438,259.42999267578125,258.3768310546875,476400
2022-09-29,255.85000610351562,256.5799865722656,249.75999450683594,253.92999267578125,252.899169921875,573300
2022-09-30,253.13999938964844,258.4800109863281,250.8800048828125,251.9499969482422,250.9272003173828,679100
2022-10-03,255.77000427246094,262.6199951171875,251.60000610351562,262.4100036621094,261.3447570800781,637800
2022-10-04,269.2099914550781,278.17999267578125,268.1499938964844,277.69000244140625,276.5627136230469,544800
2022-10-05,272.8900146484375,278.0799865722656,272.19000244140625,276.2799987792969,275.158447265625,407400
2022-10-06,275.739990234375,279.0799865722656,273.8299865722656,275.0299987792969,273.91351318359375,437500
2022-10-07,272.54998779296875,272.54998779296875,267.0299987792969,271.8599853515625,270.7563781738281,679200
2022-10-10,274.54998779296875,275.1300048828125,269.42999267578125,272.8999938964844,271.7921447753906,486900
2022-10-11,271.0899963378906,273.7099914550781,265.5,266.2900085449219,265.2090148925781,452900
2022-10-12,266.1199951171875,268.3699951171875,262.9599914550781,263.3999938964844,262.3307189941406,649300
2022-10-13,255.97000122070312,275.260009765625,253.6999969482422,274.70001220703125,273.5848693847656,715100
2022-10-14,277.2699890136719,280.32000732421875,257.4800109863281,257.8699951171875,256.82318115234375,890700
2022-10-17,264.7699890136719,270.29998779296875,264.54998779296875,267.04998779296875,265.9659118652344,717300
2022-10-18,274.260009765625,276.3299865722656,267.07000732421875,268.510009765625,267.41998291015625,555700
2022-10-19,265.82000732421875,269.7900085449219,262.7099914550781,264.29998779296875,263.22705078125,454300
2022-10-20,263.29998779296875,267.260009765625,257.3599853515625,257.8399963378906,256.7933044433594,530300
2022-10-21,258.30999755859375,267.5299987792969,257.1000061035156,267.010009765625,265.92608642578125,549600
2022-10-24,269.5299987792969,273.2200012207031,268.3500061035156,271.6499938964844,270.5472412109375,445000
2022-10-25,269.94000244140625,279.04998779296875,269.2300109863281,278.260009765625,277.1304016113281,830500
2022-10-26,287.30999755859375,298.4700012207031,286.6499938964844,292.5,291.3125915527344,860100
2022-10-27,295.3399963378906,301.55999755859375,294.989990234375,300.0299987792969,298.8120422363281,709500
2022-10-28,302.2900085449219,312.30999755859375,300.510009765625,312.1700134277344,310.90277099609375,638900
2022-10-31,309.75,313.2300109863281,307.8699951171875,309.1199951171875,307.8651123046875,774500
2022-11-01,311.6199951171875,315.17999267578125,311.3900146484375,314.1199951171875,312.8448181152344,577800
2022-11-02,312.3800048828125,319.1300048828125,308.3900146484375,308.7699890136719,307.51654052734375,562600
2022-11-03,304.54998779296875,312.8399963378906,301.1700134277344,307.9200134277344,306.6700134277344,652700
2022-11-04,311.5299987792969,319.3699951171875,309.0899963378906,313.8699951171875,313.8699951171875,634500
2022-11-07,315.9599914550781,318.9700012207031,313.17999267578125,317.9599914550781,317.9599914550781,352400
2022-11-08,319.0799865722656,323.010009765625,316.3599853515625,320.25,320.25,509400
2022-11-09,316.2900085449219,321.25,314.0,315.010009765625,315.010009765625,426700
2022-11-10,329.57000732421875,333.75,324.7099914550781,331.55999755859375,331.55999755859375,899700
2022-11-11,334.2799987792969,339.4100036621094,330.57000732421875,331.1600036621094,331.1600036621094,1073700
2022-11-14,328.70001220703125,329.6600036621094,320.45001220703125,320.54998779296875,320.54998779296875,955700
2022-11-15,325.44000244140625,328.8299865722656,320.4100036621094,323.4200134277344,323.4200134277344,682600
2022-11-16,321.510009765625,323.25,317.6000061035156,320.7200012207031,320.7200012207031,676500
2022-11-17,316.6300048828125,321.79998779296875,315.239990234375,321.57000732421875,321.57000732421875,756100
2022-11-18,327.489990234375,328.7799987792969,322.25,328.70001220703125,328.70001220703125,729500
